tree
version=v4
num_class=1
num_tree_per_iteration=1
label_index=0
max_feature_idx=32
objective=binary sigmoid:1
feature_names=rain_prev_7 rain_prev_14 rain_prev_30 season_to_date days_since_wet doy_sin doy_cos rain_prev_7_anom rain_prev_14_anom rain_prev_30_anom oni oni_age_days dmi dmi_age_days nino34 nino34_age_days rmm1 rmm2 amplitude mjo_age_days mjo_phase_1 mjo_phase_2 mjo_phase_3 mjo_phase_4 mjo_phase_5 mjo_phase_6 mjo_phase_7 mjo_phase_8 centroid_lat centroid_lon small_unit state zone_id
feature_infos=[0:522.22113037109375] [0:568.645751953125] [0:716.006591796875] [0:1074.4586181640625] [0:323] [-0.99819540977478027:0.7295575737953186] [-0.99941062927246094:-0.060048960149288177] [-119.4168701171875:409.92333984375] [-183.03031921386719:389.93203735351562] [-314.55081176757812:409.47555541992188] [-1.3700000047683716:1.690000057220459] [63:90] [-0.86100000143051147:0.81099998950958252] [32:59] [-1.190000057220459:1.9700000286102295] [32:59] [-2.703779935836792:3.1550700664520264] [-2.4152100086212158:3.5100479125976562] [0.026713300496339798:3.5471172332763672] none [0:1] [0:1] [0:1] [0:1] [0:1] [0:1] [0:1] [0:1] [18.132350921630859:26.753688812255859] [75.09625244140625:87.400367736816406] none -1:2:1:3:0 -1:2:3:4:5:6:1
tree_sizes=3331 3455 3420 3438 3432 3454 3442 3447 3430 3447 3435 3448 3454 3464 3457 3459

Tree=0
num_leaves=31
num_cat=0
split_feature=6 28 7 12 9 6 12 17 12 0 10 14 10 28 16 17 17 16 7 2 5 12 5 29 14 17 7 29 5 7
split_gain=466.983 309.812 139.956 122.209 92.4792 52.671 53.6732 49.8858 52.0239 46.7936 48.1662 46.2974 47.0686 44.7475 38.3711 34.2068 32.1559 31.3219 27.906 27.3053 32.5998 27.6883 27.1518 26.4484 24.0525 23.6625 22.602 21.8695 21.2907 20.3715
threshold=-0.86977231502532948 22.590013504028324 -16.682968139648434 -0.027500000782310959 -48.133955001831048 -0.79671859741210926 0.092000000178813948 0.51362550258636486 -0.19049999862909314 21.011824607849125 0.24000000208616259 0.18500000238418582 -0.014999999664723871 18.63957500457764 1.0014202296733858 0.3732179999351502 -0.79426577687263478 0.13302771747112277 -29.18674278259277 12.79379177093506 -0.78753387928009022 -0.24849999696016309 0.3732354491949082 77.084831237792983 0.40500000119209295 -0.22430553287267682 -16.682968139648434 75.753208160400405 0.4124008715152741 -15.150226116180418
decision_type=2 2 2 2 2 2 2 2 2 2 2 2 2 2 2 2 2 2 2 2 2 2 2 2 2 2 2 2 2 2
left_child=1 3 14 4 17 6 29 8 16 10 -10 12 27 -8 15 23 -4 -1 25 -7 -21 -22 -12 -3 -9 -5 -23 -6 -18 -2
right_child=5 2 7 18 11 19 13 24 9 -11 22 -13 -14 -15 -16 -17 28 -19 -20 20 21 26 -24 -25 -26 -27 -28 -29 -30 -31
leaf_value=-1.1770779315724031 -1.2346035674832474 -1.1978739898081965 -1.2782872025557406 -1.2101613838677265 -1.27724996701688 -1.2853467692113714 -1.1980773888684237 -1.2628238295156708 -1.1610856032495784 -1.2436648180452714 -1.1827531203599815 -1.2679550492834692 -1.1932238819405565 -1.2510876635324635 -1.236050673578609 -1.2092633997850855 -1.2108169545732388 -1.2375178067373405 -1.2724427379621799 -1.2814814607215823 -1.2260847003821909 -1.2368185438315873 -1.2312042758072987 -1.1555307832413204 -1.2167494385432942 -1.2648359649391907 -1.2736247879245139 -1.2331547441794857 -1.2592652588629218 -1.2723067854380594
leaf_weight=27.853138014674187 13.321066007018088 24.912123441696167 15.570077151060103 11.937059149146082 14.186070293188093 181.47789923846722 16.781083151698112 42.904212594032288 25.43112601339817 22.663112297654152 15.916078865528105 50.516250312328339 20.241100296378136 73.871366038918495 13.148065149784086 30.448150873184204 22.31711058318615 11.245055720210074 178.8828863799572 95.323472335934639 19.895098581910133 19.030094295740128 30.448150873184204 48.267239168286324 12.283060863614081 15.051074579358099 61.242303460836411 29.410145729780197 12.110060006380079 156.73877665400505
leaf_count=161 77 144 90 69 82 1049 97 248 147 131 92 292 117 427 76 176 129 65 1034 551 115 110 176 279 71 87 354 170 70 906
internal_value=-1.25139 -1.23402 -1.21242 -1.25309 -1.2329 -1.26979 -1.25937 -1.22787 -1.21866 -1.20567 -1.19394 -1.24668 -1.22985 -1.2408 -1.18643 -1.18034 -1.24362 -1.19369 -1.26816 -1.27695 -1.26901 -1.25696 -1.21348 -1.16903 -1.25214 -1.24005 -1.26483 -1.24777 -1.22761 -1.26927
internal_weight=1313.42 675.741 316.419 359.323 153.452 637.681 260.712 199.643 144.456 94.4585 71.7954 114.354 63.8373 90.6524 116.776 103.628 49.9972 39.0982 205.871 376.969 195.491 100.167 46.3642 73.1794 55.1873 26.9881 80.2724 43.5962 34.4272 170.06
internal_count=7592 3906 1829 2077 887 3686 1507 1154 835 546 415 661 369 524 675 599 289 226 1190 2179 1130 579 268 423 319 156 464 252 199 983
is_linear=0
shrinkage=1


Tree=1
num_leaves=31
num_cat=0
split_feature=6 28 7 12 9 16 6 17 12 29 7 28 17 12 16 17 12 10 7 21 17 5 10 1 5 7 12 16 17 14
split_gain=462.635 275.376 132.801 108.692 74.0809 57.7013 54.0271 48.5982 44.1726 42.2463 37.8555 35.9185 31.4613 28.8873 27.4143 27.174 26.6949 25.7595 23.5615 22.7379 39.5795 23.5582 29.9076 22.1993 34.3485 43.5972 22.9616 21.8877 34.6384 20.7179
threshold=-0.88835394382476796 22.590013504028324 -16.682968139648434 -0.02450000029057264 -50.650400161743157 -1.6677588820457456 -0.79671859741210926 0.61427050828933727 -0.16650000214576718 75.77988433837892 5.2393281459808358 18.63957500457764 -0.79426577687263478 0.092000000178813948 0.9592377543449403 0.71210753917694103 -0.33699999749660486 1.0000000180025095e-35 -22.893378257751461 1.0000000180025095e-35 -0.79426577687263478 0.29221479594707495 -0.29500000178813929 5.1135575771331796 -0.73172146081924427 -14.572219848632811 -0.24849999696016309 -0.90792918205261219 -0.16253280639648435 -0.36500000953674311
decision_type=2 2 2 2 2 2 2 2 2 2 2 2 2 2 2 2 2 2 2 2 2 2 2 2 2 2 2 2 2 2
left_child=1 3 14 4 -1 -6 11 8 12 -7 17 13 -4 -2 15 29 -14 -10 -13 21 -21 -5 -23 -8 -25 -26 -27 28 -20 -3
right_child=6 2 7 19 5 9 23 -9 10 -11 -12 18 16 -15 -16 -17 -18 -19 27 20 -22 22 -24 24 25 26 -28 -29 -30 -31
leaf_value=0.050691718848801866 -0.0036818629613434364 0.040383890940005995 -0.025650546646540436 -0.02809396711695249 0.065527709534095771 -0.024352418556118475 -0.033040740315285255 -0.0065019084569244512 0.074466703641113172 0.013182367059806369 0.0012120754923311836 0.018876231322142834 0.048343416854192314 0.043718571724559147 0.020105680606045787 0.034127360018272601 -6.7169630393042475e-05 0.037644273953518631 0.024814963742174158 -0.019190129766561943 0.045092690560952449 0.028608612668557628 -0.021192303164371398 -0.02998016230634017 0.033501663280133806 0.022976505651286797 -0.022989652117012503 -0.022253930807797827 -0.020013126542883775 0.0833605316016994
leaf_weight=42.553776979446411 27.73521164059639 15.313640236854551 16.186747997999191 112.80281183123589 11.737408399581907 44.074604421854019 182.38563649356365 40.430449694395065 26.786551102995872 66.271004796028137 17.254984065890312 18.438348636031151 18.383838444948196 18.68394173681736 12.916499286890028 19.647990882396698 21.753792375326157 58.280690863728523 26.143161818385124 21.251409441232681 13.093665748834608 16.584218502044678 27.364348292350769 103.79906331002712 19.89020736515522 10.812116086483 60.022360637784004 141.97809234261513 35.207756549119949 67.814488306641579
leaf_count=239 162 85 95 658 67 256 1073 234 149 381 99 106 105 105 74 111 125 330 152 124 76 97 160 609 114 62 352 827 205 376
internal_value=-5.40554e-05 0.017383 0.037774 -0.000715156 0.0170951 0.00506787 -0.0181768 0.0227323 0.0301765 -0.00189396 0.0418388 -0.00784297 0.00862989 0.0159167 0.0632404 0.0684154 0.022742 0.0499697 -0.0128653 -0.0160685 0.00589938 -0.0208887 -0.00218129 -0.0254895 -0.0182766 -0.00470566 -0.0157512 -0.015822 -0.000819135 0.0760176
internal_weight=1315.6 670.503 314.77 355.733 164.637 122.083 645.096 199.077 158.647 110.346 102.322 268.187 56.3244 46.4192 115.693 102.776 40.1376 85.0672 221.767 191.096 34.3451 156.751 43.9486 376.909 194.524 90.7247 70.8345 203.329 61.3509 83.1281
internal_count=7608 3841 1783 2058 943 704 3767 1137 903 637 578 1557 325 267 646 572 230 479 1290 1115 200 915 257 2210 1137 528 414 1184 357 461
is_linear=0
shrinkage=0.03


Tree=2
num_leaves=31
num_cat=0
split_feature=6 29 7 16 29 8 12 7 5 0 5 14 7 5 16 10 18 29 5 6 12 14 0 6 18 14 2 10 0 18
split_gain=416.771 191.684 148.283 86.2893 71.0536 42.8867 39.4361 37.944 48.7586 36.1678 39.3171 36.6833 35.2182 34.0576 32.4721 31.9548 28.4755 26.743 26.7295 25.6233 23.747 21.2205 20.0251 19.0779 29.0868 18.2895 17.8633 16.1236 15.4426 15.2479
threshold=-0.84565824270248402 75.805187225341811 -6.4217050075530997 0.15017697215080264 77.177566528320327 -24.745010375976559 -0.027500000782310959 -4.5751912593841544 -0.75976759195327748 23.019031524658207 0.3732354491949082 -0.095000002533197389 -13.388582229614256 -0.090113466605544076 -0.34518904983997339 -0.46499998867511744 1.086289703845978 77.084831237792983 0.3732354491949082 -0.94107943773269642 -0.16650000214576718 0.73499998450279247 17.393680572509769 -0.94107943773269642 1.3112549781799319 -0.36500000953674311 65.037433624267592 -0.014999999664723871 0.8679301142692567 0.86189997196197521
decision_type=2 2 2 2 2 2 2 2 2 2 2 2 2 2 2 2 2 2 2 2 2 2 2 2 2 2 2 2 2 2
left_child=1 5 3 6 -5 15 13 8 -2 10 20 14 16 -3 -12 -1 -10 25 -15 21 -4 26 -7 24 -6 -8 27 -17 -27 -13
right_child=7 2 9 4 23 22 17 -9 12 -11 11 29 -14 18 -16 19 -18 -19 -20 -21 -22 -23 -24 -25 -26 28 -28 -29 -30 -31
leaf_value=-0.030666201249910142 -0.028386521801820479 0.026653611770285489 0.013694508181989744 -0.0069700647103204767 0.09150805907631436 -0.0083315201013525776 -0.01466826858351928 -0.027305692998206042 0.046949998311604714 -0.0085026423911938823 0.043464726890902937 0.016994103095970724 -0.010812567450518808 0.079026275072235336 -0.0030121567581551682 0.020435130726898509 -0.0028648522951467848 0.052616488478243302 0.040046402190137761 -0.01386428772968685 0.068820043455249141 -0.011533136800752535 -0.029957219522369117 0.012097960179073761 0.023703618880131706 0.056592865006032382 0.010013396088950306 0.068731729600764624 0.017333754424462677 -0.011474755833472709
leaf_weight=15.203516885638235 73.873869523406029 24.118812665343285 12.89892800152302 59.553885743021965 12.337276458740236 84.765838429331779 10.601562306284903 331.10130420327187 22.175236016511917 94.081454932689667 35.835474163293839 21.733459696173668 61.529800802469254 63.526252016425133 21.189184829592705 11.749641045928 18.432723954319954 37.77289716899395 25.680332764983177 18.787296116352081 16.254921078681946 10.452986374497412 71.375688850879669 10.933243647217749 11.570336788892744 11.653644055128096 17.079907327890396 15.738799005746843 37.17721825838089 65.697133615612984
leaf_count=88 441 133 74 340 67 493 61 1969 126 545 202 124 363 345 123 66 105 205 145 109 89 61 419 62 65 66 99 87 214 380
internal_value=1.43075e-05 0.0132593 0.022751 0.0370212 0.0130063 -0.0089131 0.0476763 -0.0213287 -0.00999432 0.00641849 0.0145069 0.00794202 0.00345458 0.059805 0.0264406 0.00765166 0.0248127 0.0330713 0.0683733 0.015849 0.0456931 0.0260611 -0.0183448 0.0463939 0.0609625 0.0199841 0.034938 0.0495298 0.0276507 -0.00428583
internal_weight=1324.88 817.77 572.616 304.925 94.3947 245.154 210.531 507.113 176.012 267.691 173.609 144.455 102.138 113.325 57.0247 89.0121 40.608 97.2053 89.2066 73.8086 29.1538 55.0213 156.142 34.8409 23.9076 59.4324 44.5683 27.4884 48.8309 87.4306
internal_count=7666 4662 3240 1703 534 1422 1169 3004 1035 1537 992 829 594 623 325 510 231 546 490 422 163 313 912 194 132 341 252 153 280 504
is_linear=0
shrinkage=0.03


Tree=3
num_leaves=31
num_cat=0
split_feature=6 28 7 16 14 10 14 9 6 16 7 12 14 2 5 14 12 16 10 12 12 20 29 16 1 29 29 2 29 14
split_gain=389.934 197.329 166.557 78.2886 63.3553 96.4994 85.8892 76.9694 47.5613 44.4704 35.2178 42.0681 33.6529 33.2505 47.4971 35.1067 34.2488 32.2905 32.2338 28.3202 27.7067 23.5711 21.4654 20.5686 20.2495 17.702 17.1551 16.3711 16.1311 15.5955
threshold=-0.84565824270248402 22.590013504028324 -15.584199905395506 0.15017697215080264 0.43500000238418585 -0.014999999664723871 -0.070000002160668359 -47.147912979125969 -0.88835394382476796 -1.6677588820457456 5.8614356517791757 -0.16650000214576718 -0.22999999672174451 13.124951362609865 -0.75976759195327748 0.9650000035762788 -0.38449999690055842 0.9592377543449403 0.2950000017881394 -0.33699999749660486 -0.2145000025629997 1.0000000180025095e-35 77.440567016601577 -0.048654217272996896 27.559390068054203 84.152141571044936 75.77988433837892 39.477807998657234 75.655178070068374 0.38499999046325689
decision_type=2 2 2 2 2 2 2 2 2 2 2 2 2 2 2 2 2 2 2 2 2 2 2 2 2 2 2 2 2 2
left_child=1 3 17 4 5 9 -7 -8 10 -1 11 22 -13 -2 -15 16 -16 24 -14 -5 -11 -10 -4 -6 -3 -18 -22 -21 -9 -30
right_child=13 2 8 19 23 6 7 28 21 20 -12 12 18 14 15 -17 25 -19 -20 27 26 -23 -24 -25 -26 -27 -28 -29 29 -31
leaf_value=0.048352341127722992 -0.028412241493658879 0.069096099049059168 -0.017077484747771755 0.014953406078718966 -0.020059125704898637 0.098940447756935002 0.077424759778282823 -0.022997675367229783 -0.023645575643966896 0.030338898010270978 -0.0030876055528702589 0.067577264836754802 0.0022135705737083102 -0.027868862693138666 0.043087385639938289 0.049755570782948288 -0.01448607126773744 0.01287451322163205 0.042901081978252424 -0.01028163489870166 -0.028622920850181834 0.017198756158757149 0.021221989125541539 0.021734963625571316 0.040684185288433164 0.024875621811351677 -0.0021138714140488115 -0.032192506437246846 0.033878261098981177 -0.0072896152200477848
leaf_weight=13.828404575586317 264.11968764662743 79.632169783115387 21.660732194781303 18.786409869790077 71.222734734416008 17.702018469572067 16.94901417195797 13.164345696568487 38.492947310209274 14.247914865612982 44.045490056276321 26.063283756375313 28.221934050321579 104.63454028964043 10.835295617580412 10.283677250146864 101.09294259548187 15.338944002985953 45.725433349609375 51.379954114556313 37.410481423139572 17.899686053395271 30.555382400751114 11.573582231998442 39.615783169865608 10.523413196206091 51.742025896906853 80.326976925134659 17.22513143718243 14.637458950281141
leaf_count=77 1596 417 125 109 416 97 90 77 227 80 255 137 158 635 62 59 594 86 251 299 222 102 173 67 211 62 298 477 97 85
internal_value=-0.000288004 0.0124838 0.0279898 -0.0015069 0.00787674 0.0171114 0.0423633 0.0248888 0.0135333 -0.000264885 0.020488 0.027285 0.0385912 -0.0210899 -0.0128574 -0.000903993 -0.00552704 0.0548294 0.0276095 -0.018884 -0.00716764 -0.0106073 0.00531192 -0.0140273 0.0600741 -0.010587 -0.0134318 -0.0237868 0.00386073 0.0153197
internal_weight=1318.94 817.448 387.252 430.196 279.703 196.907 79.678 61.976 252.665 117.229 196.272 152.227 100.011 501.49 237.37 132.735 122.452 134.587 73.9474 150.493 103.4 56.3926 52.2161 82.7963 119.248 111.616 89.1525 131.707 45.0269 31.8626
internal_count=7641 4633 2142 2491 1606 1123 446 349 1428 677 1099 844 546 3008 1412 777 718 714 409 885 600 329 298 483 628 656 520 776 259 182
is_linear=0
shrinkage=0.03


Tree=4
num_leaves=31
num_cat=0
split_feature=6 28 12 7 9 14 6 12 28 4 14 14 17 17 7 12 18 18 28 29 18 29 2 5 4 18 7 17 17 6
split_gain=399.733 192.213 103.22 102.286 65.5032 54.107 47.5747 37.0641 37.2774 34.9152 45.2477 40.8298 33.9256 29.2249 28.7646 23.0353 38.3812 36.4756 22.3823 22.3161 21.7497 21.6433 20.9388 30.0195 20.1397 17.1997 16.7134 16.6361 16.243 15.7397
threshold=-0.88835394382476796 22.590013504028324 -0.02450000029057264 -15.584199905395506 -48.133955001831048 0.18500000238418582 -0.79671859741210926 0.092000000178813948 18.63957500457764 2.5000000000000004 -0.21499999612569806 0.40500000119209295 -0.86903819441795338 0.71210753917694103 -29.18674278259277 -0.28399999439716334 1.2008302807807925 0.59425750374794017 25.763958930969242 75.753208160400405 0.79277852177619945 77.10886383056642 11.790922164916994 -0.73172146081924427 177.50000000000003 0.81140595674514782 -15.95196485519409 -0.16493006795644757 0.3732179999351502 -0.99113067984580983
decision_type=2 2 2 2 2 2 2 2 2 8 2 2 2 2 2 2 2 2 2 2 2 2 2 2 10 2 2 2 2 2
left_child=1 2 4 13 29 19 7 15 -9 -5 28 20 -13 21 27 16 17 -2 -17 -6 -12 -3 -8 -24 -16 -7 -25 -4 -11 -1
right_child=6 3 14 9 5 25 22 8 -10 10 11 12 -14 -15 24 18 -18 -19 -20 -21 -22 -23 23 26 -26 -27 -28 -29 -30 -31
leaf_value=0.066080893755520884 -0.00985246747527385 0.04016109652809037 0.037012060364688758 -0.0053014254222936976 -0.0018984426861502965 0.016567313519464964 -0.032022767998868482 0.043637352094931567 -0.0022712232312273564 0.058007875592618302 0.023306687910551627 0.00042748798761621038 0.050622196873645824 0.021079320535500948 -0.023639515067855107 -0.02588574084783345 -0.029597491567053425 0.061578956145745815 0.019221101351223003 0.035608769447845461 -0.016180389054365626 0.069559339367227926 -0.027989255339698697 0.017418479691504844 0.013806529390883138 -0.023858187622478499 -0.012045938494390432 -0.01052221834874828 0.015902947432955995 0.028082655526345503
leaf_weight=21.882021427154541 12.034509360790254 42.239561006426811 12.540750175714495 44.105430409312248 20.538679599761963 11.145949944853781 171.97326891124249 18.961280226707458 78.167403936386108 37.238936454057693 17.263125911355019 18.871555894613266 32.952832564711571 24.151786476373672 142.96807657182217 119.74343907833099 17.571690365672112 12.260732337832449 10.072509065270422 45.109525486826897 39.259932607412338 67.378946870565414 108.09192246198654 22.545290172100067 13.556001484394072 45.27925369143486 64.909543231129646 12.300235524773596 11.718494832515715 21.6657944470644
leaf_count=114 72 220 71 253 120 65 1065 104 459 197 94 105 178 128 857 715 105 71 59 249 225 342 666 127 80 267 388 73 66 117
internal_value=-0.000263603 0.0156791 1.59078e-05 0.0318457 0.0170847 0.00567223 -0.0173525 -0.0077201 0.00704433 0.0181947 0.0247744 0.0137314 0.0326982 0.0521118 -0.0155794 -0.0160654 0.00323057 0.0272051 -0.0222657 0.0240219 -0.00392483 0.0586967 -0.0243577 -0.0174881 -0.0203294 -0.0157233 -0.00433915 0.0139787 0.0484497 0.0482309
internal_weight=1318.5 682.167 346.986 335.181 165.621 122.073 636.332 268.812 97.1287 201.41 157.305 108.347 51.8244 133.77 181.365 171.683 41.8669 24.2952 129.816 65.6482 56.5231 109.619 367.52 195.547 156.524 56.4252 87.4548 24.841 48.9574 43.5478
internal_count=7652 3821 2013 1808 932 701 3831 1585 563 1118 865 602 283 690 1081 1022 248 143 774 369 319 562 2246 1181 937 332 515 144 263 231
is_linear=0
shrinkage=0.03


Tree=5
num_leaves=31
num_cat=1
split_feature=6 31 7 12 9 6 0 12 14 10 16 18 12 12 18 18 17 10 1 5 7 12 1 16 2 29 16 10 17 4
split_gain=363.76 194.439 92.4922 87.6536 64.8788 52.462 40.5977 49.9834 35.7984 51.5153 30.5614 27.3603 26.2781 29.3859 41.5106 30.5632 25.471 24.5134 22.8638 26.7133 34.9037 22.6841 22.3135 21.087 20.8253 20.1235 20.0166 19.7642 18.9687 18.0822
threshold=-0.88835394382476796 0 -16.682968139648434 -0.027500000782310959 -48.133955001831048 -0.79671859741210926 22.549906730651859 -0.16650000214576718 0.18500000238418582 -0.014999999664723871 0.9592377543449403 1.3999398946762087 0.092000000178813948 -0.28399999439716334 1.2008302807807925 0.59425750374794017 0.4625417441129685 1.1200000047683718 5.2493882179260263 -0.78753387928009022 -16.682968139648434 -0.24849999696016309 45.930927276611335 -0.28315122425556177 112.51373672485353 78.088207244873061 0.038015438243746764 0.24000000208616259 1.3244189620018008 117.50000000000001
decision_type=2 1 2 2 2 2 2 2 2 2 2 2 2 2 2 2 2 2 2 2 2 2 2 2 2 2 2 2 2 10
left_child=1 3 10 4 -1 12 7 11 9 -6 28 29 13 14 15 -2 27 23 -7 -20 24 -22 -5 -14 -21 -18 -8 -9 -3 -4
right_child=5 2 6 22 8 18 26 16 -10 -11 -12 -13 17 -15 -16 -17 25 -19 19 20 21 -23 -24 -25 -26 -27 -28 -29 -30 -31
leaf_value=0.047209033858495515 -0.0040824892971908838 0.058145677233781973 0.046573133785179868 -0.0079168658859880246 -0.0019304556551795237 -0.03202726550888 0.011186647942198201 0.064838895594569748 -0.016964425344983179 0.056486124161565343 0.0076093549654319258 -0.018647708652712296 0.011669325217390098 -0.020825206151181393 -0.028548909050365903 0.060921453127301892 0.038331058041667358 0.041121772755682823 -0.029167324185628618 0.047685960548261686 0.019546925520139757 -0.023395389826664115 -0.02968811461759659 -0.019116433710114546 -0.0061814802918592239 -0.012366753698212295 -0.023609342995818208 0.032782093386101503 0.017123390477809478 0.00041867608354444831
leaf_weight=39.994272962212563 11.620285525918009 113.09775233268738 13.734044104814531 117.18873722851276 39.774694308638573 172.75663168728352 36.421935230493546 32.722734659910202 45.98640464246273 19.585754662752151 14.411954447627066 26.381734699010849 49.757210716605186 125.3819365799427 15.946107611060141 13.466940820217131 12.632607311010362 14.093148872256277 83.384013190865517 13.60601928830147 12.537197962403296 64.280055657029152 66.343195289373398 32.071973711252213 11.212347388267515 13.832530155777929 23.715904772281647 44.834716975688934 12.264508858323095 15.904059514403341
leaf_count=206 70 565 75 698 226 1087 209 165 273 104 78 152 286 757 97 75 70 80 524 76 72 394 405 188 64 77 138 239 65 89
internal_value=-4.65406e-05 0.0149487 0.0297198 -0.0020969 0.0151857 -0.0167006 0.0182928 0.0261478 0.0026987 0.0179604 0.0495737 0.00320382 -0.00647517 -0.0136541 0.00823232 0.0318096 0.0383558 0.00599182 -0.0241594 -0.0166804 -0.00625153 -0.0162257 -0.015905 -0.000481905 0.0240531 0.0123474 -0.00269719 0.0469606 0.0542996 0.0226283
internal_weight=1308.94 688.828 359.954 328.873 145.341 620.114 220.18 160.042 105.347 59.3604 139.774 56.0198 262.338 166.415 41.0333 25.0872 104.023 95.9223 357.776 185.02 101.636 76.8173 183.532 81.8292 24.8184 26.4651 60.1378 77.5575 125.362 29.6381
internal_count=7604 3834 1922 1912 809 3770 1214 867 603 330 708 316 1553 999 242 145 551 554 2217 1130 606 466 1103 474 140 147 347 404 630 164
cat_boundaries=0 1
cat_threshold=4
is_linear=0
shrinkage=0.03


Tree=6
num_leaves=31
num_cat=0
split_feature=6 28 12 7 9 7 14 17 14 10 14 15 29 0 7 16 14 6 10 15 20 17 12 6 14 16 17 29 17 14
split_gain=332.248 197.994 99.1299 81.3691 66.198 45.3526 46.6668 38.8508 35.3496 34.8687 31.9091 28.5743 27.2226 26.1313 24.8869 24.8405 24.7502 24.5628 23.0634 22.7045 33.0531 22.4204 22.3921 18.9858 18.7369 18.2412 21.5402 17.4354 18.0168 17.8315
threshold=-0.88835394382476796 22.590013504028324 -0.027500000782310959 -16.682968139648434 -48.133955001831048 -3.3893882036209102 0.9650000035762788 0.51362550258636486 0.18500000238418582 -0.35500000417232508 -0.27499999105930323 37.500000000000007 76.013408660888686 9.2984309196472186 -29.18674278259277 0.13302771747112277 0.40500000119209295 -0.4337597787380218 0.2650000005960465 58.500000000000007 1.0000000180025095e-35 -0.10022363811731337 -0.030999999493360516 -0.77289488911628712 0.81499999761581432 0.9592377543449403 1.3244189620018008 84.152141571044936 0.36419242620468145 -0.56999999284744252
decision_type=2 2 2 2 2 2 2 2 2 2 2 2 2 2 2 2 2 2 2 2 2 2 2 2 2 2 2 2 2 2
left_child=1 2 4 25 15 6 17 10 9 -6 13 22 -11 -5 21 -1 -9 24 -13 -7 -21 -4 -12 -8 27 26 -3 28 29 -2
right_child=5 3 14 7 8 19 23 16 -10 12 11 18 -14 -15 -16 -17 -18 -19 -20 20 -22 -23 -24 -25 -26 -27 -28 -29 -30 -31
leaf_value=0.057585735963210184 0.03522191387674966 0.056377316987346188 0.034418552089009104 0.071755566648508642 -0.0066471729464425422 -0.026722006600638688 0.053838881418347355 -0.014603012509987044 -0.015357395843724383 0.0073472663449791501 -0.022513082356443358 0.011380169586469117 0.061163545516491391 0.016304353534588565 -0.020503182864848719 0.0070501824032029002 0.031228171085334551 -0.032444000096940963 0.04372127771736483 -0.021594687495755934 0.023564693421223637 -0.018116027301246663 0.020618619694226573 0.00050495145370786534 -0.035972291863592604 0.015583700224954249 0.012923906506926335 0.031303544935928879 -0.019494381978171535 -0.0030385188594178672
leaf_weight=35.020481124520302 11.318216383457182 107.50078751146793 14.585490196943285 20.654111504554749 28.047835782170296 293.40234434604645 13.926133468747141 41.975524634122849 50.803424477577209 15.259649097919462 21.490096971392632 38.133996695280075 18.880537748336792 12.954566285014151 167.32069224119186 11.968169540166853 13.088069990277289 38.275711804628372 42.617857664823532 43.647496402263641 20.715936064720154 12.896445974707602 19.905873149633408 10.084859713912008 16.539474189281464 14.871659383177755 12.106622830033301 11.143198847770689 56.824797600507736 98.72806091606617
leaf_count=173 66 520 81 100 159 1846 78 244 304 85 122 211 99 69 1021 64 71 245 224 265 117 77 106 61 99 80 63 65 349 586
internal_value=-0.000213701 0.0139079 -0.00183808 0.0300449 0.0156073 -0.0162957 -0.00664085 0.018274 0.00304213 0.0180785 0.02589 0.0184909 0.0380029 0.0514704 -0.0161715 0.0451293 -0.00334669 -0.0107834 0.0287746 -0.0231891 -0.0069216 0.00999516 -0.00177543 0.0323539 -0.0063779 0.0482267 0.0521226 -0.00344267 -0.00593559 0.0011783
internal_weight=1314.69 700.082 354.783 345.299 159.98 614.606 256.84 210.82 112.991 62.188 155.757 122.148 34.1402 33.6087 194.803 46.9887 55.0636 232.829 80.7519 357.766 64.3634 27.4819 41.396 24.011 194.554 134.479 119.607 178.014 166.871 110.046
internal_count=7650 3873 2063 1810 884 3777 1549 1147 647 343 832 663 184 169 1179 237 315 1410 435 2228 382 158 228 139 1165 663 583 1066 1001 652
is_linear=0
shrinkage=0.03


Tree=7
num_leaves=31
num_cat=0
split_feature=6 28 12 8 14 6 12 10 28 14 6 6 12 18 0 17 17 2 6 12 17 10 18 14 3 12 6 17 12 18
split_gain=322.086 172.721 84.803 60.7031 60.096 47.1665 44.5025 43.5444 40.4069 36.8955 26.4901 26.0794 22.8515 27.2409 22.0357 24.7271 21.7869 21.5287 29.1341 26.3272 21.3489 21.2722 21.1695 20.7184 20.3946 19.5526 26.3731 18.5892 24.3493 18.5198
threshold=-0.88835394382476796 22.590013504028324 -0.02450000029057264 -8.7549252510070783 0.39499999582767492 -0.79671859741210926 0.092000000178813948 -0.014999999664723871 18.63957500457764 0.12999999895691874 -0.99223279953002919 -0.97789707779884327 -0.28399999439716334 1.2008302807807925 21.492861747741703 -0.27091771364212031 0.59024682641029369 11.790922164916994 -0.61626377701759327 -0.36599999666213984 -0.8267650008201598 -0.43500000238418574 0.61835587024688732 -0.22999999672174451 134.644645690918 -0.13650000095367429 -0.9563411772251128 0.75613871216773998 -0.18749999999999997 0.99586144089698803
decision_type=2 2 2 2 2 2 2 2 2 2 2 2 2 2 2 2 2 2 2 2 2 2 2 2 2 2 2 2 2 2
left_child=1 2 4 27 7 6 12 10 -8 -9 -1 -11 13 22 15 20 23 -7 19 -19 -4 -10 -2 -5 -22 -6 -27 -3 -29 -25
right_child=5 3 14 16 25 17 8 9 21 11 -12 -13 -14 -15 -16 -17 -18 18 -20 -21 24 -23 -24 29 -26 26 -28 28 -30 -31
leaf_value=0.045082184989999746 -0.0047586237032786124 0.042981242537452551 -0.014308465716308961 0.037091622279781987 -0.021634401605128865 -0.030907222671297859 0.048108670292491544 0.075729098977484685 -0.024312434533638929 0.05578938855305695 -0.0016711373907255548 -0.0012593177468654656 -0.022136141128071631 -0.025324581905453308 -0.028810428576189297 -0.020336309002081839 -0.0068219503166737179 0.038294433660206802 -0.028458181968863107 -0.010106344320907117 0.0049013196032416219 0.010429687619292622 0.048590996385066254 0.026214067703360131 0.054001633099024011 0.038440464390712914 -0.0186210099544762 -0.01710715459107303 0.039030512646352294 -0.0037441770728602951
leaf_weight=13.402451351284979 12.774972409009935 177.07002781331539 23.315210416913033 41.328053414821625 39.25855028629303 162.88693583011627 19.17095473408699 22.539488911628723 21.44536766409874 11.764578104019167 44.666239857673645 16.479864373803139 118.9872887134552 16.819358885288239 65.868369802832603 59.757631987333298 33.981866210699081 10.380316093564032 87.250425711274147 90.727092504501343 21.42309732735157 53.073527842760086 12.697237655520437 34.300414606928825 11.009644165635107 14.008335128426554 13.310228034853933 11.359322100877764 15.280956268310545 38.730919688940048
leaf_count=69 77 873 140 214 234 1063 102 111 129 60 249 91 734 105 414 367 195 59 567 550 127 309 69 181 62 76 80 62 79 215
internal_value=0.000252807 0.0139737 -0.000744421 0.0288504 0.0140861 -0.0157879 -0.00593293 0.0277255 0.0104411 0.0477511 0.00970022 0.0235982 -0.0154506 0.00343588 -0.0150875 -0.00708169 0.0141152 -0.0229044 -0.0158571 -0.00481084 0.00723427 0.000241906 0.0226658 0.0203419 0.0226856 -0.00829442 0.010963 0.0394591 0.0153407 0.0104903
internal_weight=1315.07 708.855 356.804 352.052 175.43 606.213 254.969 108.853 93.6899 50.7839 58.0687 28.2444 161.279 42.2916 181.374 115.506 148.341 351.245 188.358 101.107 55.748 74.5189 25.4722 114.359 32.4327 66.5771 27.3186 203.71 26.6403 73.0313
internal_count=7663 3899 2080 1819 970 3764 1525 580 540 262 318 151 985 251 1110 696 805 2239 1176 609 329 438 146 610 189 390 156 1014 141 396
is_linear=0
shrinkage=0.03


Tree=8
num_leaves=31
num_cat=0
split_feature=6 28 0 14 10 14 7 6 28 28 17 14 0 11 18 28 6 16 10 18 8 16 18 14 29 28 17 16 2 17
split_gain=326.492 171.123 72.5801 56.1382 90.2197 63.4332 53.0548 44.8438 30.2797 29.0212 26.636 33.2852 30.5036 25.7983 25.6789 25.0364 24.9104 23.8209 21.7664 21.677 20.909 20.9563 25.6194 18.7848 16.8159 14.2021 18.8133 13.7821 13.6375 13.2032
threshold=-0.86977231502532948 22.590013504028324 27.520345687866214 0.39499999582767492 -0.014999999664723871 0.12999999895691874 -16.682968139648434 -0.79671859741210926 18.767070770263675 18.63957500457764 0.51362550258636486 -0.27499999105930323 14.766517639160158 68.500000000000014 0.96212449669837963 25.763958930969242 -0.97789707779884327 0.026589489541947845 0.2650000005960465 1.6044149994850161 -44.437025070190423 -0.92327180504798878 1.1595264077186587 0.40500000119209295 77.177566528320327 18.917017936706547 0.25146600604057318 -0.11209625005722045 22.74360275268555 -0.72187915444374073
decision_type=2 2 2 2 2 2 2 2 2 2 2 2 2 2 2 2 2 2 2 2 2 2 2 2 2 2 2 2 2 2
left_child=1 2 3 4 8 -6 17 9 29 -2 11 12 -8 -13 27 25 -7 -3 -15 -10 -11 22 -22 -12 -19 26 -9 -5 -17 -1
right_child=7 6 -4 14 5 16 10 15 19 20 23 13 -14 18 -16 28 -18 24 -20 -21 21 -23 -24 -25 -26 -27 -28 -29 -30 -31
leaf_value=-0.0074357571816692147 0.015851219219343494 0.051590888043742393 -0.02309980365914242 -0.0090373030734079794 0.076503294677007588 0.043254762736616166 0.067604783121285164 -0.0053583219324777531 -0.024309568985585339 0.02426369967641348 -0.0087072042345064382 -0.0017045094771717313 0.0084036183220470052 0.010667651935778014 -0.019053560825114203 -0.016396532862171999 -0.010377065759441605 0.003269171663061008 0.041484163599234625 0.015268241487985838 0.038799480307474585 -0.019680287545163135 -0.0087545707343068477 0.031987431810251162 0.040789712945216737 -0.029865710793480858 -0.028467688793658252 0.033527884053888325 0.030872517257037945 0.028977451800994852
leaf_weight=11.684436231851576 43.456700697541237 96.355237036943436 93.493402853608131 11.592543765902521 30.870500966906548 13.647826299071314 25.793214738368988 64.949376285076141 41.873796135187149 13.333782911300657 41.469420865178108 41.124231308698654 11.512184560298918 39.644860565662384 74.138973549008369 9.3939027488231677 16.004348203539848 19.893046334385872 44.191025272011757 16.763595774769783 12.15194198489189 137.46193516254425 44.401246577501297 12.440554365515707 22.883799880743027 200.45614583790302 62.030576825141907 14.593807399272917 10.812889635562895 33.068884089589119
leaf_count=67 249 453 577 69 150 70 120 415 247 75 241 225 61 216 451 60 91 99 226 95 67 848 269 66 111 1308 401 80 64 189
internal_value=0.000426936 0.014131 -0.00052463 0.00751993 0.0182958 0.0470612 0.0288467 -0.0158975 0.0011676 -0.00619393 0.0193997 0.025437 0.050032 0.0177556 -0.0100926 -0.0228603 0.0149136 0.0432817 0.027209 -0.0129285 -0.0108681 -0.0133946 0.00196028 0.00109523 0.0238143 -0.0248582 -0.0167816 0.0150452 0.00916073 0.0195158
internal_weight=1311.49 713.04 357.732 264.239 163.913 60.5227 355.308 598.448 103.391 250.806 216.175 162.266 37.3054 124.96 100.325 347.643 29.6522 139.132 83.8359 58.6374 207.349 194.015 56.5532 53.91 42.7768 327.436 126.98 26.1864 20.2068 44.7533
internal_count=7660 3904 2086 1509 909 311 1818 3756 598 1508 1155 848 181 667 600 2248 161 663 442 342 1259 1184 336 307 210 2124 816 149 124 256
is_linear=0
shrinkage=0.03


Tree=9
num_leaves=31
num_cat=0
split_feature=6 28 12 29 9 8 6 16 14 10 29 12 28 16 12 17 0 0 14 12 16 12 18 18 11 14 10 14 17 12
split_gain=314.626 150.651 88.1047 86.7873 54.1097 47.3266 46.144 36.9784 36.6161 47.0147 31.4541 28.5964 35.3516 22.026 29.8134 33.0107 21.3918 21.1807 20.5274 19.2857 18.7638 18.5483 30.3256 21.2816 16.9793 27.0021 24.9347 23.9181 15.4921 26.0442
threshold=-0.86977231502532948 22.590013504028324 -0.02450000029057264 86.164299011230483 -48.133955001831048 -7.465057134628295 -0.79671859741210926 0.9592377543449403 -0.095000002533197389 -0.21000000089406964 79.001594543457045 0.092000000178813948 18.840229988098148 -1.4666272997856138 -0.13650000095367429 0.42318269610404974 20.541238784790043 23.019031524658207 -0.5349999964237212 -0.55099999904632557 0.13302771747112277 -0.28399999439716334 1.2008302807807925 0.59425750374794017 83.500000000000014 0.43500000238418585 0.16000000387430194 -0.095000002533197389 0.25146600604057318 -0.38449999690055842
decision_type=2 2 2 2 2 2 2 2 2 2 2 2 2 2 2 2 2 2 2 2 2 2 2 2 2 2 2 2 2 2
left_child=1 2 4 6 20 7 11 18 9 -6 -9 21 -13 -7 -15 17 24 -16 -3 -10 -1 22 23 -2 25 26 27 -4 29 -8
right_child=3 5 16 -5 8 13 28 10 19 -11 -12 12 -14 14 15 -17 -18 -19 -20 -21 -22 -23 -24 -25 -26 -27 -28 -29 -30 -31
leaf_value=0.051451217734889004 -0.0059439242256196945 0.008835310495069611 -0.016010823329331798 0.066150407809704173 0.0054470207270698326 0.042648261272952841 0.02655697563771595 -0.017609481917404517 0.020065476109808723 0.07255469670844289 0.042608892565708045 0.031025147719480194 -0.0074468637925620947 -0.010979207601805718 0.043914805141024749 -0.0080609341084045705 -0.028958970169788947 0.00047427550051293169 0.044282614193040484 -0.015341003867837589 0.0086171263536546951 -0.021403995306990893 -0.029431280151425845 0.049525476512314349 -0.024162563133060033 -0.024009090556315837 0.044486615312947363 0.033133320228150916 -0.031160562563509048 -0.021023156829439806
leaf_weight=37.493574529886246 11.47203351557255 16.691873878240585 26.708341792225834 10.480103194713591 30.897343203425407 19.505826100707054 10.252960026264189 19.359055876731876 16.72574083507061 12.618268787860869 11.684347435832022 31.301525309681892 63.439303457736969 43.128128901124001 39.586660504341125 25.470002084970474 62.252657398581505 13.478261783719061 171.62540298700333 63.259159490466118 12.697430595755575 115.41470693051815 15.216119885444639 12.130011186003683 35.231173753738403 25.894487708806992 14.799495607614515 12.139749363064768 165.12922546267509 154.80459062755108
leaf_count=179 70 81 162 59 175 100 62 103 92 61 60 170 376 245 196 145 402 74 820 377 67 727 97 64 219 160 82 72 1100 1011
internal_value=0.00050384 0.0139284 -7.96712e-05 -0.0156855 0.0150566 0.0275177 -0.0172778 0.036225 0.00427059 0.026099 0.00567835 -0.00748309 0.00545524 0.0138279 0.0088972 0.0198133 -0.014932 0.033094 0.0412039 -0.00778077 0.040995 -0.0154147 0.00248319 0.0234183 -0.00713942 0.000606938 0.0127105 -0.000207534 -0.0246186 -0.0179255
internal_weight=1300.89 711.247 350.717 589.641 173.692 360.53 579.16 219.361 123.501 43.5156 31.0434 248.974 94.7408 141.169 121.663 78.5349 177.026 53.0649 188.317 79.9849 50.191 154.233 38.8182 23.602 114.773 79.5421 53.6476 38.8481 330.187 165.058
internal_count=7608 3872 2048 3736 951 1824 3677 1064 705 236 163 1504 546 760 660 415 1097 270 901 469 246 958 231 134 695 476 316 234 2173 1073
is_linear=0
shrinkage=0.03


Tree=10
num_leaves=31
num_cat=0
split_feature=6 29 4 7 5 16 14 8 28 7 6 17 16 14 14 10 3 4 17 10 11 10 3 14 14 18 8 18 10 3
split_gain=280.523 144.672 76.41 48.1104 46.1576 39.0251 35.4219 34.4885 30.0471 26.908 25.9633 25.0785 20.9862 20.5657 18.8212 18.0596 25.1864 17.7443 17.6252 19.6877 16.2893 16.0176 16.6919 15.9501 15.0699 14.6312 16.6575 18.5425 14.4665 14.3554
threshold=-0.86977231502532948 75.77988433837892 3.5000000000000004 -4.6614327430725089 -0.78753387928009022 0.15017697215080264 0.9650000035762788 -25.416237831115719 23.15529823303223 -7.996640443801879 -0.94107943773269642 0.13863901793956759 0.3068580180406571 0.78000000119209301 -0.56999999284744252 -0.46499998867511744 71.099273681640639 149.50000000000003 -0.80155235528945912 -0.32500000298023218 89.500000000000014 -0.79500001668930043 82.460090637207045 -0.24999999254941938 0.81499999761581432 0.64485144615173351 6.2287437915802011 1.718466639518738 0.38499999046325689 128.2341003417969
decision_type=2 2 8 2 2 2 2 2 2 2 2 2 2 2 2 2 2 10 2 2 2 2 2 2 2 2 2 2 2 2
left_child=1 7 12 4 -2 9 14 15 17 13 -10 20 -3 21 -6 -1 -17 -7 -11 -20 25 -4 -23 -21 -16 -5 -27 -28 -22 -15
right_child=3 2 5 11 6 8 -8 -9 10 18 -12 -13 -14 29 24 16 -18 -19 19 23 28 22 -24 -25 -26 26 27 -29 -30 -31
leaf_value=-0.024355622564640488 -0.027130628780021964 0.007518930268852613 0.012665294026428395 0.00057526694877635669 0.034081905381566593 -0.010644732279574593 0.044590941542509518 -0.02156370637884774 0.046370303873913568 -0.0017452300503479098 0.0047629290701925392 -0.029590549985184934 -0.020404820482804651 -0.0012731011706167395 -0.0003844763157205076 0.029994788656575278 -0.0082380298511627974 0.017305157227477469 0.0024612520302635583 0.066040963590422219 0.01147550281095284 0.051763295557777138 0.027690433744283448 0.026252004725519817 -0.034860148229789847 -0.030000528328440031 -0.020650283694014369 0.029386816465375561 -0.023498350017908044 0.03954237172603052
leaf_weight=14.21762180328369 53.980547681450844 64.809341207146645 15.436065658926962 27.598267167806625 11.944701865315436 47.900533720850945 16.896603778004646 104.62492534518242 32.478613838553429 26.558836564421654 23.037246227264404 183.46351012587547 37.357114925980568 18.807500883936886 110.70218965411186 32.107306092977524 28.525301575660706 34.132414802908897 21.769523173570633 11.996250212192534 34.535534679889679 111.59314140677452 38.995331704616547 40.383978992700577 11.72554938495159 87.770940974354744 17.826047331094745 9.3272449374198896 14.197931498289107 12.126467198133467
leaf_count=84 368 366 82 175 71 277 93 640 158 146 122 1226 221 99 662 164 166 185 119 57 203 524 201 214 72 583 117 56 87 63
internal_value=0.000215436 0.0127579 0.0205371 -0.0152826 -0.00358309 0.026007 0.00494286 -0.0105194 0.0126623 0.0321104 0.0294944 -0.0216643 -0.00279019 0.0385822 -0.000335233 0.00499908 0.0121659 0.00105306 0.0191984 0.0266234 -0.0139467 0.0427712 0.0457533 0.036431 -0.00394207 -0.0190354 -0.0237091 -0.00302907 0.00101867 0.0154642
internal_weight=1296.83 716.858 537.382 579.969 205.25 435.216 151.269 179.475 137.549 297.667 55.5159 374.719 102.166 196.959 134.372 74.8502 60.6326 82.0329 100.709 74.1498 191.256 166.025 150.588 52.3802 122.428 142.523 114.924 27.1533 48.7335 30.934
internal_count=7601 3888 2834 3713 1266 2247 898 1054 742 1505 280 2447 587 969 805 414 330 462 536 390 1221 807 725 271 734 931 756 173 290 162
is_linear=0
shrinkage=0.03


Tree=11
num_leaves=31
num_cat=0
split_feature=6 28 29 12 7 9 6 14 10 12 4 12 28 10 14 10 29 4 17 12 12 29 17 6 2 5 12 7 18 28
split_gain=253.19 155.629 76.6205 61.0426 53.336 42.9985 38.0668 37.1743 39.5111 36.3785 51.7275 29.7519 26.3508 33.0696 19.872 56.2548 19.8083 19.8106 19.7944 19.5069 19.4792 18.7911 18.1663 17.9646 17.7208 22.2834 18.0771 21.7135 20.2826 17.0208
threshold=-0.86977231502532948 22.590013504028324 86.164299011230483 -0.02450000029057264 -16.682968139648434 -55.109004974365227 -0.79671859741210926 -0.095000002533197389 -0.21000000089406964 -0.16650000214576718 123.50000000000001 0.092000000178813948 20.863806724548343 0.87000000476837169 -0.11999999731779097 -0.23499999940395352 75.77988433837892 5.5000000000000009 0.4625417441129685 -0.55099999904632557 -0.33699999749660486 77.084831237792983 0.86143988370895397 -0.96645781397819508 12.79379177093506 -0.91865202784538258 -0.38449999690055842 -16.313192367553707 1.0478299856185915 18.543931961059574
decision_type=2 2 2 2 2 2 2 2 2 2 10 2 2 2 2 2 2 10 2 2 2 2 2 2 2 2 2 2 2 2
left_child=1 3 6 5 22 -1 11 8 23 20 21 14 13 29 15 -2 -5 -18 -12 -9 -6 -11 -3 -7 -8 -26 -27 28 -28 -13
right_child=2 4 -4 16 9 7 24 19 -10 10 18 12 -14 -15 -16 -17 17 -19 -20 -21 -22 -23 -24 -25 25 26 27 -29 -30 -31
leaf_value=0.036568572397765634 -0.015563147374771873 0.043735067242499474 0.066756691865065665 -0.025721263337218896 0.015625808715646453 0.033817061740710551 -0.030423406798789372 0.018692158620420056 0.063915025100347828 -0.015027249350180726 0.053916661369023261 0.035871545223804376 -0.011346296889335824 0.058432118177629215 -0.023569193167404287 0.059184619568936142 -0.023036098502645441 0.0046907992589252882 0.014590436136082633 -0.016687876273040126 -0.014614049344291882 0.017113712514702131 0.01194407281331813 -0.012100332406499114 -0.034207634082997963 0.027404808565011853 0.026317842150711077 -0.023481227079115454 -0.013429878039069176 -0.0074632749182616956
leaf_weight=41.09486797451973 46.202708929777145 125.25529550015926 9.2208255976438505 80.406453505158424 34.122262120246887 10.903815880417822 153.83420673012733 16.593929350376129 13.793842956423758 21.289852499961853 48.867260083556175 10.487403422594069 43.033481553196907 13.650917887687681 97.910286098718643 10.214899510145186 35.847542136907578 61.875836789608002 16.184889629483223 70.02279557287693 41.217857629060745 61.714363321661949 19.604629829525948 20.620736286044124 44.317099869251251 10.008058667182921 18.712867513298988 68.689011767506599 26.951575681567192 27.305683732032776
leaf_count=195 295 569 50 518 184 59 1076 91 64 117 229 54 259 72 627 53 233 368 87 419 234 316 95 118 308 58 115 452 173 160
internal_value=-8.8711e-05 0.0117976 -0.0148134 -0.00249399 0.0253955 0.0101677 -0.0162443 0.00173116 0.0234568 0.0160857 0.0246734 -0.00738504 0.00583682 0.020153 -0.0154648 -0.00123435 -0.0147812 -0.00561048 0.0445014 -0.00977383 -0.000892848 0.00878909 0.039544 0.00433316 -0.0230349 -0.0161569 -0.00950288 -0.0129426 0.0030733 0.00517664
internal_weight=1299.96 719.416 580.539 351.16 368.256 173.03 571.318 131.935 45.3184 223.396 148.056 248.805 94.4775 51.444 154.328 56.4176 178.13 97.7234 65.0521 86.6167 75.3401 83.0042 144.86 31.5246 322.513 168.679 124.362 114.353 45.6644 37.7931
internal_count=7648 3896 3752 2065 1831 946 3702 751 241 1167 749 1520 545 286 975 348 1119 601 316 510 418 433 664 177 2182 1106 798 740 288 214
is_linear=0
shrinkage=0.03


Tree=12
num_leaves=31
num_cat=0
split_feature=6 28 29 12 7 9 7 14 14 10 5 21 5 14 14 4 18 12 10 4 10 11 14 12 12 14 7 5 10 6
split_gain=231.209 138.104 67.9889 56.0802 51.3664 48.6729 43.0999 40.4615 31.8845 30.1586 24.7061 22.647 31.6041 20.8172 26.0931 21.1698 19.1429 18.5832 17.7947 30.2218 25.851 18.371 17.6679 15.8366 15.3697 14.939 14.6394 18.0206 18.5675 14.5299
threshold=-0.88835394382476796 22.590013504028324 86.164299011230483 -0.02450000029057264 -9.0992512702941877 -48.133955001831048 -3.3893882036209102 0.9650000035762788 -0.095000002533197389 -0.21000000089406964 -0.90013122558593739 1.0000000180025095e-35 -0.090113466605544076 -0.22999999672174451 0.40500000119209295 2.5000000000000004 0.93280389904975902 -0.18749999999999997 0.31000000238418585 250.50000000000003 0.27500000596046453 84.500000000000014 1.0249999761581423 -0.33699999749660486 -0.55099999904632557 0.81499999761581432 -29.18674278259277 0.29221479594707495 -0.29500000178813929 -0.98471984267234791
decision_type=2 2 2 2 2 2 2 2 2 2 2 2 2 2 2 10 2 2 2 8 2 2 2 2 2 2 2 2 2 2
left_child=1 3 6 5 16 29 7 10 9 -7 -2 26 -13 15 -15 -6 -3 23 19 20 21 -8 -16 -18 -10 -12 -5 -28 -29 -1
right_child=2 4 -4 11 13 8 18 -9 24 -11 25 12 -14 14 22 -17 17 -19 -20 -21 -22 -23 -24 -25 -26 -27 27 28 -30 -31
leaf_value=0.048935775613934029 -0.031817241172316352 0.050139742877354267 0.058495859368475338 0.004409632818993558 -0.0029397120303887585 0.0041437015385663292 -0.029865386187369489 0.031361570922334582 0.015187921574493883 0.059296270403433667 -0.0021206099369167199 0.046175106801217024 -0.012891234737246435 -0.0064952034445745531 0.032180188580779139 0.03948698937428434 0.030784616188551668 0.037286242230081527 -0.03299976232868361 0.01893023573766997 0.026316590126171123 -0.011348337936174305 -0.0069740929646455773 -0.0038552816818180824 -0.017333315746336824 -0.034484751045773962 -0.030898921208109855 0.021011718205950679 -0.021733323602367283 0.016168483989933851
leaf_weight=28.185615345835686 35.399308085441589 59.160218298435211 10.62411819398403 20.204931810498238 14.174773767590521 29.023408338427544 126.32919047772884 23.585391327738762 15.520227581262587 11.993843302130697 165.05805368721485 11.64151695370674 22.110628753900528 66.440809115767479 37.582306757569313 39.31109806895256 22.385213941335678 84.641388759016991 93.827588081359863 18.239658132195473 9.329402878880499 80.578264474868774 13.75854843854904 23.739185839891434 64.434527739882469 12.935696899890898 80.438147470355034 13.903234004974363 22.779055148363113 23.362031623721123
leaf_count=128 252 267 56 119 80 164 886 132 85 54 1020 64 136 369 186 191 105 391 642 116 56 510 74 115 392 84 532 85 147 116
internal_value=0.000634619 0.0121495 -0.0134538 -0.00147122 0.0250749 0.0105678 -0.014907 -0.00512568 9.51454e-05 0.0212983 -0.00928593 -0.0136026 0.00822392 0.0130481 0.00589836 0.0283955 0.035795 0.0289739 -0.0219304 -0.0173795 -0.0205153 -0.0227434 0.0217547 0.0132528 -0.0109109 -0.00465219 -0.0189878 -0.0230274 -0.00540454 0.0346755
internal_weight=1280.7 704.791 575.907 343.597 361.194 172.52 565.283 236.978 120.972 41.0173 213.393 171.078 33.7521 171.268 117.782 53.4859 189.926 130.766 328.304 234.477 216.237 206.907 51.3409 46.1244 79.9548 177.994 137.325 117.12 36.6823 51.5476
internal_count=7554 3800 3754 2022 1778 939 3698 1488 695 218 1356 1083 200 900 629 271 878 611 2210 1568 1452 1396 260 220 477 1104 883 764 232 244
is_linear=0
shrinkage=0.03


Tree=13
num_leaves=31
num_cat=1
split_feature=6 29 7 16 29 29 16 17 3 0 0 14 10 12 14 5 31 5 12 7 12 14 17 14 0 14 8 14 16 12
split_gain=237.421 120.52 83.4006 50.9279 44.6161 38.0738 25.1082 23.206 18.7471 18.4799 27.2462 20.5748 25.8067 21.9394 18.5198 18.1416 17.5701 20.599 16.8594 20.5307 15.3633 18.3495 20.1857 20.0223 14.9605 14.6216 19.1678 15.1176 13.196 12.7029
threshold=-0.84565824270248402 75.77988433837892 -6.015455722808837 0.15017697215080264 86.164299011230483 77.177566528320327 -1.4666272997856138 0.45292778313159948 240.20160675048831 26.792584419250492 0.0015417900285683574 -0.095000002533197389 -0.32500000298023218 0.47249999642372137 -0.37499999999999994 0.3732354491949082 0 -0.91865202784538258 0.15450000017881396 -36.696075439453118 -0.28399999439716334 -0.56999999284744252 -0.15243946015834806 0.76499998569488536 0.43812394142150884 -0.29500000178813929 -47.123731613159173 -0.11999999731779097 -1.1293205618858335 0.12500000000000003
decision_type=2 2 2 2 2 2 2 2 2 2 2 2 2 2 2 2 1 2 2 2 2 2 2 2 2 2 2 2 2 2
left_child=1 6 3 8 7 24 -1 16 18 10 -4 12 14 15 -12 -13 17 -2 -3 -20 -19 -22 -23 -24 -5 -8 -27 -28 -21 -11
right_child=4 2 9 5 -6 -7 25 -9 -10 29 11 13 -14 -15 -16 -17 -18 20 19 28 21 22 23 -25 -26 26 27 -29 -30 -31
leaf_value=0.01468236399286978 -0.031112437269504814 0.038741130636540833 -0.011224082885648289 0.024518430318434585 0.043758090644124933 0.0302818550673318 -0.031653941404269692 -0.028738424023223845 0.0018007435824327516 -0.00036012687116979765 0.026021483075103918 0.024971266354643383 0.054190466786591528 0.042570366435013045 -0.018130367159459121 -0.0095013348937505286 -0.022267918982920909 0.022570577559061569 0.052593263581995238 0.032268629317158661 0.021797882717725002 -0.021606105015420284 -0.0071079146225736913 0.040165477754628552 -0.011972148732778314 0.017968479403977437 0.011228348586929181 -0.019361111065484417 -0.0010163716330611947 -0.024285985224329613
leaf_weight=28.012910068035126 24.734168156981468 179.40625487267971 48.30968514084816 11.19983074069023 9.380551412701605 40.566034704446793 38.548901900649071 155.69312186539173 17.444037392735481 59.586498662829399 27.384346768260002 17.112016081809998 20.790623620152473 10.991789713501928 11.407695636153219 55.932452961802483 125.35982592403889 18.906966656446457 12.393161684274672 15.116660863161082 17.275858193635941 60.591693416237831 28.699619501829147 10.097241982817648 58.965185701847076 17.34628327190876 16.266597583889961 101.71214106678963 31.838768601417545 29.063402310013771
leaf_count=156 178 854 276 61 48 194 242 1086 93 350 148 86 98 58 69 330 854 117 58 75 109 406 182 59 334 93 92 629 169 185
internal_value=-0.000431275 0.0089056 0.0152107 0.0246061 -0.0180069 0.00751721 -0.011292 -0.0194156 0.0319342 0.00287997 0.0081008 0.0146338 0.0279699 0.00496071 0.0129083 -0.00119731 -0.014252 -0.00612414 0.0341191 0.0197366 -0.00181917 -0.00593007 -0.0109189 0.00589553 -0.00588479 -0.0155367 -0.010747 -0.0150846 0.0101487 -0.0083875
internal_weight=1300.13 849.395 647.508 366.93 450.739 110.731 201.887 441.358 256.199 280.579 191.929 143.619 59.5827 84.0363 38.792 73.0445 285.665 160.306 238.755 59.3486 135.571 116.664 99.3886 38.7969 70.165 173.874 135.325 117.979 46.9554 88.6499
internal_count=7689 4650 3438 1838 3039 589 1212 2991 1249 1600 1065 789 315 474 217 416 1905 1051 1156 302 873 756 647 241 395 1056 814 721 244 535
cat_boundaries=0 1
cat_threshold=4
is_linear=0
shrinkage=0.03


Tree=14
num_leaves=31
num_cat=1
split_feature=6 29 7 16 29 18 2 5 12 14 2 4 12 16 18 16 6 17 12 14 10 14 8 16 17 8 32 12 10 14
split_gain=224.699 130.085 60.5878 39.6109 39.3984 30.3664 29.1474 42.7958 26.8251 34.7729 22.7629 22.0947 22.6522 20.459 19.5019 18.0258 17.3525 27.4247 18.214 18.2485 17.0114 15.3795 15.124 14.8071 16.282 14.7956 11.8703 10.9721 10.7406 24.7901
threshold=-0.84565824270248402 75.77988433837892 -5.6592876911163321 0.11668841913342477 78.715969085693374 1.4547299742698672 12.79379177093506 -0.75976759195327748 -0.38449999690055842 0.9650000035762788 9.7835779190063494 232.50000000000003 -0.18349999934434888 -1.4666272997856138 0.40214560925960546 -0.27018935978412623 -0.92772412300109852 -0.61042499542236317 0.028500000014901165 0.78000000119209301 0.31000000238418585 -0.56999999284744252 -24.128834724426266 -1.6677588820457456 0.40841868519783026 -55.35862731933593 0 -0.24849999696016309 0.34499999880790716 0.47499999403953558
decision_type=2 2 2 2 2 2 2 2 2 2 2 8 2 2 2 2 2 2 2 2 2 2 2 2 2 2 9 2 2 2
left_child=1 13 3 15 5 10 -2 -8 -9 14 -5 23 -13 -1 -10 16 18 -18 19 -3 -20 -16 -6 -4 26 -15 -25 -23 -27 -30
right_child=6 2 11 4 22 -7 7 8 9 -11 -12 12 -14 25 21 -17 17 -19 20 -21 -22 27 -24 24 -26 28 -28 -29 29 -31
leaf_value=0.01231587638246605 -0.024980648190951912 0.045797006205861752 0.026581330245877503 0.033458691036125116 0.059151771062901329 -0.030056416096181402 -0.025392146939287458 0.041017922745898563 0.029230188396601478 0.046567095977045878 -0.0035435334384020982 -0.0067764905578074951 0.032296750009212005 0.016283327637404379 0.021753903032935631 0.045274662491255065 -0.01108027869091309 0.02955721855235462 0.0050660261125842106 0.0089074568157643617 0.040444641856347122 0.008643186976440875 0.016547497559709815 -0.0037532722279078174 -0.016304798803286558 -0.023357016500172436 0.012688342372990264 -0.020948282548554908 0.020768329788640363 -0.021162927227660024
leaf_weight=26.337596580386162 221.93681535124779 72.913238063454628 16.681992560625076 21.781168311834335 14.344257682561876 23.27643196284771 89.345678269863129 12.810504361987112 10.218155592679976 10.461390867829321 43.119367673993111 18.744222328066826 42.958124175667763 11.414693489670752 9.6595146954059583 55.317996054887772 26.177661329507828 32.6064572930336 36.646514624357224 15.0859467536211 17.626318097114563 12.681504800915716 16.824035555124283 91.450324535369873 52.065239369869232 109.88253048062325 55.059989169239998 74.754718437790871 18.343060255050659 36.117710381746292
leaf_count=145 1567 328 92 112 65 135 640 69 61 56 236 108 227 57 59 259 138 163 184 76 90 78 82 524 320 688 307 485 103 231
internal_value=2.37164e-05 0.00900077 0.0155083 0.0233413 0.00896429 -0.00138795 -0.0173231 -0.00951767 0.00145394 -0.00315858 0.009194 0.00483656 0.0205081 -0.0119887 -0.00839121 0.0299731 0.0255598 0.0115779 0.0312157 0.0396441 0.0170799 -0.012608 0.0373841 0.000270329 -0.00206213 -0.0156798 0.0030755 -0.0166072 -0.0179849 -0.00692014
internal_weight=1296.64 854.775 652.679 375.719 119.345 88.177 441.868 219.931 130.586 117.775 64.9005 276.96 61.7023 202.096 107.314 256.374 201.056 58.7841 142.272 87.9992 54.2728 97.0957 31.1683 215.258 198.576 175.758 146.51 87.4362 164.343 54.4608
internal_count=7685 4670 3446 1868 630 483 3015 1448 808 739 348 1578 335 1224 683 1238 979 301 678 404 274 622 147 1243 1151 1079 831 563 1022 334
cat_boundaries=0 1
cat_threshold=36
is_linear=0
shrinkage=0.03


Tree=15
num_leaves=31
num_cat=0
split_feature=7 29 5 0 3 5 7 5 10 28 0 10 12 14 10 18 14 29 14 18 12 12 12 5 18 28 17 21 2 12
split_gain=177.327 89.5529 50.2021 42.3071 39.9765 35.7288 43.765 33.8689 31.6389 32.2485 31.5815 31.4988 24.2361 21.5583 41.6175 21.7874 21.2653 20.894 18.8149 20.9166 18.6945 20.8234 18.5515 17.9993 17.6508 17.1346 15.8605 29.5043 15.4225 18.9276
threshold=-4.6614327430725089 76.484970092773452 0.63088810443878185 27.520345687866214 378.73037719726568 -0.73172146081924427 -15.584199905395506 0.48901963233947759 -0.80500000715255726 20.863806724548343 17.639875411987308 0.37500000000000006 -0.2145000025629997 0.064999999478459372 -0.13999999687075612 1.7494255900382998 -0.39999999105930323 79.001594543457045 0.30500000715255743 0.96212449669837963 -0.16650000214576718 -0.48800000548362726 1.0000000180025095e-35 -0.17521348595619199 1.5553574562072756 18.63957500457764 -0.16253280639648435 1.0000000180025095e-35 60.19233703613282 -0.028500000014901158
decision_type=2 2 2 2 2 2 2 2 2 2 2 2 2 2 2 2 2 2 2 2 2 2 2 2 2 2 2 2 2 2
left_child=1 4 3 7 8 -3 17 20 -1 13 -4 25 -11 14 15 -10 -8 18 28 -20 21 -2 23 -5 -15 -9 27 -27 -7 -30
right_child=2 5 10 22 -6 6 16 11 9 12 -12 -13 -14 24 -16 -17 -18 -19 19 -21 -22 -23 -24 -25 -26 26 -28 -29 29 -31
leaf_value=-0.032179541095828837 0.025740047522671332 -0.021535486562840149 -0.028791543816078746 -0.02294523870955173 -0.030151574538496349 0.047115228227606061 0.037357642620880656 0.034419120638042894 -0.0094971889800598477 -0.0048280136499462651 0.022545853669895585 -0.031166767187017577 0.034009314842774224 -0.00083460129420206215 0.045506659667604379 0.033957799915037022 0.0062573726285053664 0.048926932598241657 0.035118919866447419 0.0003778393855365823 0.021351523319507414 -0.020348552345376577 -0.027056184980960424 0.0040833619741714984 -0.025810652274828313 0.033506780514456408 -0.014323107650956493 -0.019888732003036157 0.04391898727024212 -0.0042047900764487804
leaf_weight=19.953593164682388 12.631180986762045 15.900259152054785 154.44179256260395 37.659305676817894 34.631862461566925 46.704171791672707 22.588372141122818 10.95312651991844 51.832985684275627 19.646859496831894 10.867971211671827 37.829925581812859 51.49110372364521 93.439934298396111 22.795999497175217 11.925076648592947 126.90314589440823 53.504187881946564 24.874004632234573 39.324854537844658 82.642305314540863 24.077775433659554 86.154005572199821 51.418962940573692 34.04302117228508 21.114937484264374 52.097035646438599 15.21827547252178 12.680585548281671 15.568332344293593
leaf_count=123 66 114 1146 249 247 213 110 63 311 97 64 255 251 564 115 64 697 238 116 202 429 140 584 307 222 124 341 100 59 83
internal_value=0.000700101 0.0109623 -0.0112911 -0.00588141 -7.75171e-05 0.0214093 0.023462 0.00188535 0.00342321 0.00601806 -0.0253012 -0.00825436 0.023365 0.000170742 0.0116502 -0.000970654 0.0111737 0.0328902 0.026419 0.0141705 0.0135143 -0.00422789 -0.0171992 -0.0074713 -0.00765318 0.000690761 -0.00382505 0.0112082 0.0365853 0.0181604
internal_weight=1294.91 697.808 597.107 431.797 339.76 358.048 342.148 256.565 305.129 285.175 165.31 137.213 71.138 214.037 86.5541 63.7581 149.492 192.656 139.152 64.1989 119.351 36.709 175.232 89.0783 127.483 99.3834 88.4302 36.3332 74.9531 28.2489
internal_count=7694 3826 3868 2658 1994 1832 1718 1518 1747 1624 1210 883 348 1276 490 375 807 911 673 318 635 206 1140 556 786 628 565 224 355 142
is_linear=0
shrinkage=0.03


end of trees

feature_importances:
dmi=60
nino34=58
doy_cos=38
rmm2=37
oni=36
rain_prev_7_anom=34
rmm1=31
centroid_lon=30
amplitude=27
centroid_lat=25
doy_sin=24
rain_prev_7=16
rain_prev_30=12
days_since_wet=10
rain_prev_14_anom=9
rain_prev_30_anom=9
season_to_date=6
rain_prev_14=4
oni_age_days=4
mjo_phase_2=3
nino34_age_days=2
mjo_phase_1=2
state=2
zone_id=1

parameters:
[boosting: gbdt]
[objective: binary]
[metric: binary_logloss]
[tree_learner: serial]
[device_type: cpu]
[data_sample_strategy: bagging]
[data: ]
[valid: ]
[num_iterations: 2000]
[learning_rate: 0.03]
[num_leaves: 31]
[num_threads: 0]
[seed: 42]
[deterministic: 0]
[force_col_wise: 0]
[force_row_wise: 0]
[histogram_pool_size: -1]
[max_depth: -1]
[min_data_in_leaf: 60]
[min_sum_hessian_in_leaf: 0.001]
[bagging_fraction: 0.8]
[pos_bagging_fraction: 1]
[neg_bagging_fraction: 1]
[bagging_freq: 1]
[bagging_seed: 400]
[bagging_by_query: 0]
[feature_fraction: 0.8]
[feature_fraction_bynode: 1]
[feature_fraction_seed: 30056]
[extra_trees: 0]
[extra_seed: 12879]
[early_stopping_round: 0]
[early_stopping_min_delta: 0]
[first_metric_only: 0]
[max_delta_step: 0]
[lambda_l1: 0]
[lambda_l2: 1]
[linear_lambda: 0]
[min_gain_to_split: 0]
[drop_rate: 0.1]
[max_drop: 50]
[skip_drop: 0.5]
[xgboost_dart_mode: 0]
[uniform_drop: 0]
[drop_seed: 17869]
[top_rate: 0.2]
[other_rate: 0.1]
[min_data_per_group: 100]
[max_cat_threshold: 32]
[cat_l2: 10]
[cat_smooth: 10]
[max_cat_to_onehot: 4]
[top_k: 20]
[monotone_constraints: ]
[monotone_constraints_method: basic]
[monotone_penalty: 0]
[feature_contri: ]
[forcedsplits_filename: ]
[refit_decay_rate: 0.9]
[cegb_tradeoff: 1]
[cegb_penalty_split: 0]
[cegb_penalty_feature_lazy: ]
[cegb_penalty_feature_coupled: ]
[path_smooth: 0]
[interaction_constraints: ]
[verbosity: -1]
[saved_feature_importance_type: 0]
[use_quantized_grad: 0]
[num_grad_quant_bins: 4]
[quant_train_renew_leaf: 0]
[stochastic_rounding: 1]
[linear_tree: 0]
[max_bin: 255]
[max_bin_by_feature: ]
[min_data_in_bin: 3]
[bin_construct_sample_cnt: 200000]
[data_random_seed: 175]
[is_enable_sparse: 1]
[enable_bundle: 1]
[use_missing: 1]
[zero_as_missing: 0]
[feature_pre_filter: 1]
[pre_partition: 0]
[two_round: 0]
[header: 0]
[label_column: ]
[weight_column: ]
[group_column: ]
[ignore_column: ]
[categorical_feature: 31,32]
[forcedbins_filename: ]
[precise_float_parser: 0]
[parser_config_file: ]
[objective_seed: 16083]
[num_class: 1]
[is_unbalance: 0]
[scale_pos_weight: 1]
[sigmoid: 1]
[boost_from_average: 1]
[reg_sqrt: 0]
[alpha: 0.9]
[fair_c: 1]
[poisson_max_delta_step: 0.7]
[tweedie_variance_power: 1.5]
[lambdarank_truncation_level: 30]
[lambdarank_norm: 1]
[label_gain: ]
[lambdarank_position_bias_regularization: 0]
[eval_at: ]
[multi_error_top_k: 1]
[auc_mu_weights: ]
[num_machines: 1]
[local_listen_port: 12400]
[time_out: 120]
[machine_list_filename: ]
[machines: ]
[gpu_platform_id: -1]
[gpu_device_id: -1]
[gpu_device_id_list: ]
[gpu_use_dp: 0]
[num_gpu: 1]

end of parameters

pandas_categorical:[["Bihar", "Madhya Pradesh", "Maharashtra", "Uttar Pradesh"], ["BI-2", "BI-3", "MH-6/MH-7", "MP-10", "MP-10/MP-5", "UP-10", "UP-8"]]
