tree
version=v4
num_class=1
num_tree_per_iteration=1
label_index=0
max_feature_idx=32
objective=binary sigmoid:1
feature_names=rain_prev_7 rain_prev_14 rain_prev_30 season_to_date days_since_wet doy_sin doy_cos rain_prev_7_anom rain_prev_14_anom rain_prev_30_anom oni oni_age_days dmi dmi_age_days nino34 nino34_age_days rmm1 rmm2 amplitude mjo_age_days mjo_phase_1 mjo_phase_2 mjo_phase_3 mjo_phase_4 mjo_phase_5 mjo_phase_6 mjo_phase_7 mjo_phase_8 centroid_lat centroid_lon small_unit state zone_id
feature_infos=[0:522.22113037109375] [0:568.645751953125] [0:716.006591796875] [0:1074.4586181640625] [0:323] [-0.99819540977478027:0.7295575737953186] [-0.99941062927246094:-0.060048960149288177] [-119.4168701171875:409.92333984375] [-183.03031921386719:389.93203735351562] [-314.55081176757812:409.47555541992188] [-1.3700000047683716:1.690000057220459] [63:90] [-0.86100000143051147:0.81099998950958252] [32:59] [-1.190000057220459:1.9700000286102295] [32:59] [-2.703779935836792:3.1550700664520264] [-2.4152100086212158:3.5100479125976562] [0.026713300496339798:3.5471172332763672] none [0:1] [0:1] [0:1] [0:1] [0:1] [0:1] [0:1] [0:1] [18.132350921630859:26.753688812255859] [75.09625244140625:87.400367736816406] none -1:2:1:3:0 -1:2:3:4:5:6:1
tree_sizes=3400 3452 3465 3447 3444 3462 3448 3429 3440 3446 3466

Tree=0
num_leaves=31
num_cat=0
split_feature=6 28 6 29 16 7 16 14 10 14 10 12 12 0 9 5 17 6 28 29 2 10 14 18 16 1 14 29 12 29
split_gain=514.467 317.133 169.295 107.217 74.2252 68.3142 55.1132 45.8431 84.4013 56.9042 40.1987 36.5633 36.2422 56.5708 33.1062 32.6731 32.3832 29.5612 26.6466 29.7494 25.0053 23.0477 34.7562 24.9857 22.5977 21.3353 19.6419 18.4332 18.8197 18.0996
threshold=-0.79671859741210926 22.590013504028324 -0.88835394382476796 75.77988433837892 0.97016850113868724 -15.584199905395506 -0.92327180504798878 0.39499999582767492 -0.014999999664723871 0.10999999940395357 0.10500000044703485 0.12650000303983691 -0.16650000214576718 22.549906730651859 -66.967193603515611 0.25061884522438055 0.097738046199083342 -0.9563411772251128 18.543931961059574 84.152141571044936 75.350418090820327 -0.42000000178813929 0.074999999254941954 0.96212449669837963 -0.13904142379760739 18.977771759033207 -0.5349999964237212 79.001594543457045 -0.028500000014901158 79.142368316650405
decision_type=2 2 2 2 2 2 2 2 2 2 2 2 2 2 2 2 2 2 2 2 2 2 2 2 2 2 2 2 2 2
left_child=1 3 4 20 5 26 10 8 11 -10 -4 16 15 -14 -9 -7 -5 -11 -2 -20 21 -1 -23 -24 -19 -13 -3 28 -6 -17
right_child=18 2 6 7 27 12 -8 14 9 17 -12 25 13 -15 -16 29 -18 24 19 -21 -22 22 23 -25 -26 -27 -28 -29 -30 -31
leaf_value=-0.75785216984293335 -0.73336171743018141 -0.70343938726353683 -0.68089010709755127 -0.72797275205878709 -0.75488274020532453 -0.68310433146939031 -0.73612912423997046 -0.69570746786629833 -0.64629438615530976 -0.66977217070416195 -0.73748089504805558 -0.72455109677939733 -0.67337651311646207 -0.71786681546599296 -0.73914946227837452 -0.73487282937170484 -0.69383735545997649 -0.69955685737533668 -0.7561905990404898 -0.71630263933869331 -0.7554517362307106 -0.70903888613004085 -0.7195508101579714 -0.75382298278162796 -0.74619884218564836 -0.76194238926456626 -0.66266836662410444 -0.69619059088065827 -0.71247672685655217 -0.69645024241743636
leaf_weight=34.72654402256012 62.419863939285278 13.18729519844055 34.506755769252777 57.144945859909058 17.802848517894745 25.055860877037048 112.75137394666672 17.36327201128006 22.638190090656281 15.604965984821318 16.044542491436005 27.033955156803131 100.66302001476288 34.946332275867462 113.1909504532814 38.682732582092285 43.298285901546478 22.198613584041595 399.35525625944138 17.143483757972717 105.05878508090973 43.518074154853821 29.012049436569214 53.628333806991577 14.725812971591948 26.814166903495789 121.54290407896042 16.264330744743347 18.022636771202087 14.286236464977263
leaf_count=158 284 60 157 260 81 114 513 79 103 71 73 123 458 159 515 176 197 101 1817 78 478 198 132 244 67 122 553 74 82 65
internal_value=-0.725571 -0.715002 -0.698702 -0.729702 -0.688226 -0.683244 -0.724461 -0.719034 -0.710982 -0.685142 -0.698736 -0.72375 -0.69405 -0.684702 -0.733189 -0.710609 -0.713091 -0.703051 -0.751794 -0.754531 -0.744112 -0.736568 -0.730501 -0.741864 -0.718214 -0.743496 -0.666467 -0.721709 -0.733776 -0.724164
internal_weight=1668.63 1189.71 563.757 625.957 400.454 348.364 163.303 360.013 229.459 75.1676 50.5513 154.291 213.634 135.609 130.554 78.0248 100.443 52.5294 478.919 416.499 265.944 160.885 126.158 82.6404 36.9244 53.8481 134.73 52.0898 35.8255 52.969
internal_count=7592 5413 2565 2848 1822 1585 743 1638 1044 342 230 702 972 617 594 355 457 239 2179 1895 1210 732 574 376 168 245 613 237 163 241
is_linear=0
shrinkage=1


Tree=1
num_leaves=31
num_cat=0
split_feature=6 28 12 7 9 14 6 10 5 16 12 29 5 16 6 1 17 14 12 1 12 21 17 6 3 28 29 14 28 16
split_gain=466.799 333.581 110.571 84.421 63.4736 59.9441 53.0867 51.415 44.2489 38.0413 33.785 33.7401 32.6983 31.1403 30.9071 30.8954 29.3455 29.0314 27.9456 33.9623 26.3799 24.298 48.929 23.9448 23.6323 21.0432 20.796 19.2457 25.2699 19.0335
threshold=-0.84565824270248402 22.590013504028324 -0.02450000029057264 -9.0992512702941877 -50.650400161743157 0.15500000119209292 -0.74189642071723927 -0.35500000417232508 0.45150023698806768 0.97016850113868724 0.092000000178813948 75.753208160400405 -0.090113466605544076 -0.92327180504798878 -0.88835394382476796 7.9788107872009286 -1.5378050208091734 -0.5349999964237212 -0.14199999719858167 45.123394012451179 -0.33699999749660486 1.0000000180025095e-35 -0.79426577687263478 -0.9563411772251128 2.4944697618484502 18.543931961059574 83.357944488525405 0.37500000000000006 22.786700248718265 -0.65235421061515797
decision_type=2 2 2 2 2 2 2 2 2 2 2 2 2 2 2 2 2 2 2 2 2 2 2 2 2 2 2 2 2 2
left_child=1 2 4 9 12 7 10 23 21 17 24 -9 -1 -5 18 -10 -8 -3 20 -20 -15 -4 -23 -6 -2 -12 -18 -27 -29 -26
right_child=6 3 8 13 5 -7 16 11 15 -11 25 -13 -14 14 -16 -17 26 -19 19 -21 -22 22 -24 -25 29 27 -28 28 -30 -31
leaf_value=-0.0020307656169795442 -0.025734826474448386 0.011506528291007664 -0.026295390410515235 0.036254378454225869 0.0240944489496339 -0.014961133476199482 0.014461606795038658 0.00038147369494339543 -0.0077170730096529907 0.0078790279905970352 0.030396007687048573 0.052701523731411508 0.051222042180191052 0.023132886742993748 -0.0084101922422877961 0.037038242918390619 -0.032266223477627441 0.053630979147805881 0.040031800789964815 0.00064823483462823515 -0.01782327091376161 -0.027583113772385523 0.036534017989640108 -0.020478368467108928 -0.023239123609261947 -0.013185049807583487 0.0050527299851434891 0.034074562884860424 -0.015568998227536431 0.0081132057404599642
leaf_weight=13.433227628469465 142.03730984032154 16.830570802092552 191.28981539607048 74.553820580244064 15.823785826563833 88.491226330399513 13.063195139169691 15.36928518116474 42.730830311775208 22.183496564626694 17.601951643824577 39.007348597049713 43.532060533761978 27.102676421403885 44.451233819127083 19.384013369679451 288.58420658111572 166.77133022248745 71.362317889928818 27.127455458045006 27.531388461589813 24.935069754719734 17.249842882156372 29.622838199138641 28.039457231760025 70.808492407202721 13.829164758324621 20.993879690766335 15.112340971827505 42.704912975430489
leaf_count=61 650 76 875 336 72 405 60 70 195 101 80 175 197 123 203 88 1326 745 320 123 125 114 78 135 128 324 63 96 69 195
internal_value=-1.92465e-05 0.0126668 -0.00347258 0.0309013 0.0113926 0.00292665 -0.0198074 0.0187749 -0.0158045 0.045388 -0.0114813 0.0381875 0.0388459 0.0198203 0.0134677 0.00661515 -0.028645 0.0498527 0.0198321 0.0292998 0.00254472 -0.0217719 -0.00112609 -0.00477421 -0.0187168 0.000933783 -0.0305486 -0.00415346 0.0134365 -0.00446397
internal_weight=1671.56 1018.78 540.869 477.914 245.28 188.314 652.775 99.8233 295.59 205.785 337.298 54.3766 56.9653 272.129 197.575 62.1148 315.477 183.602 153.124 98.4898 54.6341 233.475 42.1849 45.4466 212.782 124.517 302.413 106.915 36.1062 70.7444
internal_count=7608 4617 2465 2152 1115 857 2991 452 1350 922 1542 245 258 1230 894 283 1449 821 691 443 248 1067 192 207 973 569 1389 489 165 323
is_linear=0
shrinkage=0.03


Tree=2
num_leaves=31
num_cat=1
split_feature=6 29 7 29 16 12 5 5 14 14 10 14 10 29 9 29 32 17 5 8 10 17 18 12 18 5 16 5 14 17
split_gain=457.432 245.656 123.699 122.377 59.586 42.5491 37.6382 34.9486 32.9824 52.0597 32.9386 35.2345 56.9973 36.8277 32.4912 30.813 28.8856 28.2633 28.0943 36.6357 26.4581 25.2376 25.0597 26.7232 21.0186 25.3177 19.7652 27.1565 21.6358 20.0038
threshold=-0.79671859741210926 75.77988433837892 -7.6976783275604239 77.084831237792983 0.13302771747112277 -0.02450000029057264 -0.17521348595619199 0.56202840805053722 0.39499999582767492 0.40500000119209295 -0.42000000178813929 0.39499999582767492 0.35999999940395361 75.224540710449233 -57.371311187744134 84.152141571044936 0 0.79323601722717296 -0.090113466605544076 -21.802774429321286 -0.50999999046325672 -1.6770200133323667 1.4375147223472597 0.082499999552965178 0.46393503248691564 -0.73172146081924427 -0.94177892804145802 0.48901963233947759 -0.49499998986721033 0.67215347290039074
decision_type=2 2 2 2 2 2 2 2 2 2 2 2 2 2 2 2 9 2 2 2 2 2 2 2 2 2 2 2 2 2
left_child=1 10 3 4 5 -3 -4 8 26 -10 -1 12 13 -12 -13 21 -11 -5 -15 -20 -7 -2 23 -6 25 -23 29 28 -28 -8
right_child=15 2 6 17 22 20 7 -9 9 16 11 14 -14 18 -16 -17 -18 -19 19 -21 -22 24 -24 -25 -26 -27 27 -29 -30 -31
leaf_value=-0.031867236314121174 0.0080636110330658175 0.042248509955713005 -0.023650264711886998 0.055300977665541616 0.023756659170373489 -0.026746696587322621 0.042424728063402445 -0.0048885343663494984 -0.035169742416604095 -0.009488039786004477 -0.034698121442645745 0.018767658718627015 0.047889840579019655 -0.021965530026306235 -0.026607278014695281 0.011812266258679861 0.021416610251394574 0.021848318353867 0.046900484443212771 -0.0019896921350503905 0.018361699934420626 -0.032235479098557063 -0.034123370288430682 -0.020429121909253729 -0.030016834477501069 0.017870421720420641 -0.002927445373902837 -0.0055518843677152679 0.028407725379659694 0.002053046913455515
leaf_weight=66.643079563975334 17.64836473762989 72.678364232182503 31.232680231332779 137.65589986741543 27.112537249922752 13.529562026262282 55.240969106554985 110.31003804504871 25.785660788416862 36.783216312527657 28.795820266008377 15.814618512988089 19.881701037287712 25.130122125148773 99.308423444628716 18.935242772102356 67.595245152711868 29.371354475617409 20.322136357426643 38.855476096272469 60.416955322027206 15.918491601943968 20.982909545302391 20.95883709192276 407.91074214875698 18.633116438984871 24.480051040649414 41.842040166258812 99.624039426445961 13.876259088516234
leaf_count=307 81 324 142 609 122 62 247 504 117 169 132 72 90 115 457 86 303 130 91 177 273 74 96 96 1892 86 111 191 448 62
internal_value=-0.000405241 0.00945907 0.0175146 0.030368 0.015327 0.0260925 0.00776725 0.00987601 0.0143365 0.00219443 -0.0132891 -0.00819099 0.00233547 -0.00602175 -0.0202661 -0.0251702 0.011671 0.0495834 0.00406477 0.0153 0.00986172 -0.0267145 -0.00757799 0.00446819 -0.0281168 -0.00547158 0.0210223 0.0152508 0.0222527 0.0344644
internal_weight=1683.27 1204.23 889.477 382.706 215.679 146.625 506.77 475.538 365.227 130.164 314.751 248.108 132.985 113.104 115.123 479.046 104.378 167.027 84.3077 59.1776 73.9465 460.111 69.0543 48.0714 442.462 34.5516 235.063 165.946 124.104 69.1172
internal_count=7666 5447 4006 1712 973 659 2294 2152 1648 589 1441 1134 605 515 529 2219 472 739 383 268 335 2133 314 218 2052 160 1059 750 559 309
cat_boundaries=0 1
cat_threshold=4
is_linear=0
shrinkage=0.03


Tree=3
num_leaves=31
num_cat=0
split_feature=6 28 12 9 7 6 14 10 5 16 5 12 29 16 6 14 4 12 9 4 10 10 12 10 28 14 9 14 10 6
split_gain=424.986 328.615 104.618 79.0522 77.4805 55.9306 52.8593 60.8535 46.4028 42.1576 38.9465 38.5306 32.1054 25.8606 30.1191 25.1515 24.481 23.4482 31.223 22.6665 22.2946 48.9289 20.8267 21.2456 20.0796 19.1427 18.2892 18.209 19.8122 17.9111
threshold=-0.84565824270248402 22.590013504028324 -0.02450000029057264 -48.133955001831048 -7.996640443801879 -0.74189642071723927 0.15500000119209292 -0.35500000417232508 0.45150023698806768 0.97016850113868724 -0.090113466605544076 0.092000000178813948 75.655178070068374 -0.92327180504798878 -0.88835394382476796 0.37500000000000006 34.500000000000007 0.092000000178813948 -11.103712558746336 2.5000000000000004 0.34499999880790716 0.47500000894069677 -0.090500000864267335 0.2650000005960465 20.863806724548343 -0.21499999612569806 -73.336345672607408 0.10999999940395357 -0.23499999940395352 -0.9563411772251128
decision_type=2 2 2 2 2 2 2 2 2 2 2 2 2 2 2 2 10 2 2 8 2 2 2 2 2 2 2 2 2 2
left_child=1 2 3 10 9 11 7 29 20 -3 -1 16 -9 -6 19 -13 -2 -10 -19 -15 -4 -22 23 25 -17 -21 -23 28 -18 -5
right_child=5 4 8 6 13 -7 -8 12 17 -11 -12 15 -14 14 -16 24 27 18 -20 22 21 26 -24 -25 -26 -27 -28 -29 -30 -31
leaf_value=-0.0049280979155982597 -0.0013328728322093025 0.047300444257239435 -0.028898437764181252 0.015445537309349134 0.03372741918786254 -0.028189816319582624 -0.016159388723617382 -0.0028200251071892127 -0.025791826348631509 0.0055504764188116602 0.051995333241155926 -0.0059700234171069953 0.049850610912882183 -0.00055298812947795171 -0.0098722255949067108 0.042040392576828699 -0.020766015156989056 -0.007037188739458136 0.040607110280976792 0.023828683724271077 0.029915929457926812 0.0072906935769423455 0.037952842396259838 0.039923184144231544 -0.0026233538463165417 -0.021035209509551202 -0.031570356498409863 -0.033151460116172052 0.017610745338257155 -0.023853060869947474
leaf_weight=13.686158716678618 57.568377643823624 199.93182872235775 153.22907936573029 15.114509657025335 72.33169250190258 313.88149458169937 89.03489325940609 13.784746289253233 14.248228728771208 24.732557356357574 47.829161524772644 82.896660417318344 40.34815514087677 39.229931011795998 41.279551014304161 20.956700190901756 52.899120792746544 24.290169194340706 23.723851576447487 13.667012020945547 20.407725885510445 13.693492293357847 58.586954921483994 14.618244886398314 15.23242139816284 19.572177112102509 46.789727225899696 88.430023014545441 14.781897827982901 29.189036875963211
leaf_count=62 265 871 711 68 320 1472 411 63 65 111 211 382 177 177 189 95 245 111 107 62 92 62 259 65 70 88 217 411 68 134
internal_value=-7.39778e-05 0.0118962 -0.00407327 0.0102403 0.0298637 -0.0191169 0.000495698 0.0155711 -0.0160919 0.0427493 0.0394545 -0.0105 0.0366303 0.0185774 0.0125677 0.00316124 -0.0180927 0.00683998 0.0168522 0.0189504 -0.0221936 -0.00929506 0.0260766 0.0110584 0.0236759 -0.00243126 -0.0227967 -0.0242254 -0.0122499 -0.010401
internal_weight=1675.97 1029.32 545.369 248.987 483.95 646.647 187.471 98.4364 296.382 224.664 61.5153 332.765 54.1329 259.286 186.954 119.086 213.679 62.2622 48.014 145.674 234.12 80.8909 106.444 47.8574 36.1891 33.2392 60.4832 156.111 67.681 44.3035
internal_count=7641 4633 2491 1126 2142 3008 853 442 1365 982 273 1536 240 1160 840 547 989 283 218 651 1082 371 474 215 165 150 279 724 313 202
is_linear=0
shrinkage=0.03


Tree=4
num_leaves=31
num_cat=0
split_feature=6 29 29 7 4 6 12 12 17 18 14 28 12 9 4 17 28 6 14 18 14 17 12 17 7 12 29 12 14 8
split_gain=399.533 249.894 92.6289 67.8048 66.3374 49.9796 42.4395 34.2098 30.8192 30.3051 29.702 27.3445 29.1526 31.6817 26.2832 25.7183 24.0031 22.4028 22.0764 24.3347 21.0531 20.4328 20.2154 19.0056 18.5874 18.3352 18.0157 17.464 17.3297 17.3089
threshold=-0.84565824270248402 76.978988647460952 75.77988433837892 -7.6976783275604239 2.5000000000000004 -0.74189642071723927 0.092000000178813948 -0.02450000029057264 -1.6770200133323667 0.64485144615173351 -0.37499999999999994 22.825375556945804 -0.02450000029057264 -47.147912979125969 110.50000000000001 -0.87979540228843678 18.63957500457764 -0.90877163410186756 -0.095000002533197389 1.0340385437011721 -0.36500000953674311 0.74397143721580516 0.14350000023841861 0.68324565887451183 -31.129036903381344 0.12650000303983691 83.357944488525405 0.35000000894069677 -0.56999999284744252 -20.032094001770016
decision_type=2 2 2 2 8 2 2 2 2 2 2 2 2 2 8 2 2 2 2 2 2 2 2 2 2 2 2 2 2 2
left_child=1 2 11 21 25 6 9 15 -7 -2 -5 12 13 -1 20 29 -8 23 -17 -20 -9 -3 -16 -12 -22 -4 -10 -18 -11 -6
right_child=5 3 4 10 7 8 16 14 26 28 17 -13 -14 -15 22 18 27 -19 19 -21 24 -23 -24 -25 -26 -27 -28 -29 -30 -31
leaf_value=0.024240684230676053 0.0083996420883169949 0.048772623471476914 -0.0045089581027948277 0.042054395851670708 0.030262431125662539 0.015220177795757935 0.030059740072274424 -0.02747044588743746 -0.031225666562713569 0.0061333139668781579 0.032947475209253951 0.0085403336094106164 -0.027162407722040354 -0.014920184290048736 0.0016687766493182134 0.048185867922640888 -0.011577602708209102 0.002262552267222836 0.036432456453562703 0.0022893712945032097 0.027782585180407545 0.020731934467440895 0.043144738057046807 -0.00074613964286174609 -0.0043416100148083673 -0.035736714679868269 0.0037403576773738833 0.015190003472218902 -0.026047167275823083 -0.01011213267881282
leaf_weight=23.649997726082802 31.282580465078354 146.7597031891346 44.783981055021286 38.397094547748566 13.670469537377356 13.90994471311569 23.229393482208252 23.546993106603622 279.95891647040844 16.12980280816555 58.223751425743103 41.850057795643806 126.66247992217541 74.975752398371696 19.14871309697628 45.801341041922569 68.880583480000496 86.135809317231178 41.695784986019135 33.80420446395874 21.041763290762901 30.3299320936203 22.857045039534569 20.149756997823715 60.515091627836227 26.539312541484833 13.706824183464049 31.003418996930122 171.26349841058254 26.49475634098053
leaf_count=105 144 633 203 170 60 64 105 109 1331 75 258 186 593 347 86 201 318 385 184 151 95 132 102 90 276 123 63 142 800 121
internal_value=-0.000351146 0.011291 -5.87996e-05 0.0305663 0.00945027 -0.0187534 -0.0108094 0.0154734 -0.0275174 -0.0187128 0.0185843 -0.0135665 -0.0176927 -0.00538053 0.00495522 0.0249669 0.00326646 0.0128853 0.0318096 0.0213751 -0.00310087 0.0441135 0.024716 0.0243846 0.0041826 -0.0164622 -0.0295865 -0.00320088 -0.0232594 0.00403091
internal_weight=1676.4 1027.03 647.038 379.996 379.899 649.365 341.789 308.576 307.576 218.676 202.906 267.138 225.288 98.6258 147.11 161.467 123.113 164.509 121.301 75.5 105.104 177.09 42.0058 78.3735 81.5569 71.3233 293.666 99.884 187.393 40.1652
internal_count=7652 4610 2942 1668 1711 3042 1584 1385 1458 1019 903 1231 1045 452 668 717 565 733 536 335 480 765 188 348 371 326 1394 460 875 181
is_linear=0
shrinkage=0.03


Tree=5
num_leaves=31
num_cat=1
split_feature=6 29 7 29 16 12 5 5 18 10 14 14 12 14 14 31 5 2 9 16 29 10 14 18 0 2 12 2 4 6
split_gain=390.783 227.377 83.995 97.5866 51.5647 45.2581 34.6183 34.8629 32.9277 26.4598 55.3064 26.0281 25.9927 25.7545 54.4702 33.8791 25.6943 39.7837 23.389 23.331 21.5449 20.5523 27.1559 24.4023 21.305 21.0326 20.1531 26.6043 19.0389 18.6499
threshold=-0.79671859741210926 75.77988433837892 -7.6976783275604239 77.10886383056642 0.13302771747112277 -0.02450000029057264 -0.17521348595619199 0.56202840805053722 1.4375147223472597 0.34499999880790716 0.38499999046325689 -0.39999999105930323 0.082499999552965178 0.39499999582767492 0.40500000119209295 0 -0.91865202784538258 6.4584660530090341 -44.873651504516594 -1.5572003722190855 84.152141571044936 -0.23499999940395352 -0.030000000260770317 0.87687107920646679 0.033551596105098731 3.5573294162750249 -0.24849999696016309 130.99046325683597 7.5000000000000009 -0.86977231502532948
decision_type=2 2 2 2 2 2 2 2 2 2 2 2 2 2 2 1 2 2 2 2 2 2 2 2 2 2 2 2 10 2
left_child=1 9 3 4 5 -3 -4 13 12 19 -11 -7 -6 21 -15 -16 -2 -18 -12 -1 26 23 -23 -8 -25 -24 27 -19 -28 -5
right_child=16 2 6 29 8 11 7 -9 -10 10 18 -13 -14 14 15 -17 17 20 -20 -21 -22 22 25 24 -26 -27 28 -29 -30 -31
leaf_value=0.0052388914278422875 -0.040135928446752553 0.040291889337476038 -0.021769489351374766 0.049550897558088808 0.026114313741172176 -0.025184435939065861 -0.006844612278095452 -0.0039681808632662597 -0.034557931057772356 0.050395730293111757 0.016652940625937536 0.016955612238450969 -0.01587583733820281 -0.033704258867159408 -0.0094057421848188529 0.024503348212402694 -0.030024841321413198 0.022605935092616509 -0.019930730644970023 -0.022866942254171775 0.024349308147547273 0.05472527701828294 -0.00096892045787165114 -0.0079352244527683396 0.028062538286483918 0.033115619592090709 -0.032458450998683351 -0.026438374600813233 -0.010458947493790949 0.015001485324097869
leaf_weight=30.712908446788788 67.683579206466675 81.100485593080521 30.293894544243813 137.38903604447842 29.397188618779182 15.72689466178417 37.894930422306061 109.45801045000553 22.879419073462486 15.440251484513281 20.714410081505775 62.269320785999298 22.653713315725327 25.753651529550552 36.183397486805916 68.44351626932621 188.49480704963207 26.603067755699158 57.055967941880226 181.91901576519012 13.59990933537483 30.698498249053955 25.692551299929619 17.727674543857574 78.213765889406204 43.278492346405983 55.307437852025032 14.594155684113501 99.630072250962257 16.855671539902687
leaf_count=141 326 351 139 584 129 73 171 505 106 69 94 279 104 118 168 302 897 126 268 847 62 133 115 79 346 192 264 70 472 74
internal_value=0.000240137 0.00930877 0.0169586 0.02743 0.0151155 0.0247319 0.00884757 0.0108488 -0.00535944 -0.0129826 0.000350591 0.00824739 0.00788449 0.0153045 0.00457545 0.0142278 -0.0230432 -0.0200448 -0.0100988 -0.0188018 -0.0109756 0.0212501 0.0315404 0.0134097 0.0213978 0.0205863 -0.0135361 0.00501713 -0.0184698 0.0458963
internal_weight=1663.67 1197.75 891.91 388.272 234.027 159.097 503.638 473.344 74.9303 305.843 93.2106 77.9962 52.0509 363.886 130.381 104.627 465.913 398.229 77.7704 212.632 209.735 233.506 99.6695 133.836 95.9414 68.971 196.135 41.1972 154.938 154.245
internal_count=7604 5387 3968 1700 1042 703 2268 2129 339 1419 431 352 233 1624 588 470 2217 1891 362 988 994 1036 440 596 425 307 932 196 736 658
cat_boundaries=0 1
cat_threshold=4
is_linear=0
shrinkage=0.03


Tree=6
num_leaves=31
num_cat=0
split_feature=6 28 12 7 9 6 14 10 6 17 12 16 21 17 29 17 16 10 8 12 16 6 10 14 6 28 0 12 4 29
split_gain=345.236 260.943 99.4934 71.9519 62.7974 43.2894 40.2385 37.5003 35.4864 35.4219 33.4708 30.5532 29.9565 52.9184 27.6528 25.5247 30.243 24.3441 29.8398 21.9583 24.385 21.3373 20.8921 41.5876 25.953 19.6067 18.5295 20.0332 20.6272 17.7627
threshold=-0.84565824270248402 22.590013504028324 -0.02450000029057264 -7.996640443801879 -48.133955001831048 -0.74189642071723927 0.18500000238418582 -0.35500000417232508 -0.89225733280181874 -1.6770200133323667 0.092000000178813948 0.97016850113868724 1.0000000180025095e-35 -0.79426577687263478 76.013408660888686 0.19942466914653781 -0.059986898675560944 0.87000000476837169 -6.2897107601165763 0.47249999642372137 -0.92327180504798878 -0.9563411772251128 0.49500000476837164 0.39499999582767492 -0.88835394382476796 18.543931961059574 42.042270660400398 -0.090500000864267335 112.50000000000001 77.10886383056642
decision_type=2 2 2 2 2 2 2 2 2 2 2 2 2 2 2 2 2 2 2 2 2 2 2 2 2 2 2 2 10 2
left_child=1 2 4 11 -1 10 7 21 12 -7 15 29 -4 -14 -9 16 -2 18 -10 20 -5 -6 23 24 26 -12 27 28 -22 -3
right_child=5 3 8 19 6 9 -8 14 17 -11 25 -13 13 -15 -16 -17 -18 -19 -20 -21 22 -23 -24 -25 -26 -27 -28 -29 -30 -31
leaf_value=0.035365753774895252 -0.01641228018337661 0.028939641351733682 -0.02880655481650549 0.027423882845114874 0.020605097686741375 0.020793635373145509 -0.014114129407506266 0.0060582340787252685 -0.022001988355771451 -0.02847943392918104 0.031820261943653942 0.0059049578581387837 -0.027781068322840621 0.041955038767043103 0.049405212186710915 -0.028317840687969425 0.019156358000773029 0.032480918474065687 0.017811341914330397 0.049017185402845533 0.034320796461414886 -0.021570535251470319 0.026076275939130627 -0.034310980342120642 -0.016469875706834031 -0.0026900654749004325 -0.010197955365242683 0.038389951206505804 -0.010571244542288553 0.048122734115584931
leaf_weight=62.068626269698143 85.412012621760368 73.473344773054123 163.62653222680092 71.730076566338539 15.965956658124922 13.070556998252867 86.7049290984869 23.916174560785294 46.328396692872047 286.55892063677311 16.313616439700127 24.573999688029289 23.12618650496006 15.485271945595739 29.589313313364983 102.40177254378796 27.727456748485565 15.554073125123976 25.482212886214256 15.142668187618254 14.100157275795935 28.85804907977581 38.635778293013573 23.363336578011513 27.534439355134964 101.94638136029243 18.405433535575867 36.640667170286179 22.781055435538292 134.87916372716427
leaf_count=269 402 315 775 311 71 60 404 108 215 1391 73 108 109 68 126 487 128 71 115 66 62 133 170 106 126 472 83 158 102 566
internal_value=-0.000561424 0.010087 -0.00444953 0.0256293 0.00951355 -0.0179988 0.000698107 0.0137698 -0.0163552 -0.026268 -0.0105198 0.0378115 -0.0232286 0.00053997 0.0304964 -0.0175302 -0.0076039 -0.000361497 -0.00782352 0.0149534 0.0127313 -0.00642608 0.006805 0.00144685 0.00866684 0.00229743 0.0162921 0.0229715 0.0070445 0.0415286
internal_weight=1671.4 1037.97 536.706 501.26 247.103 633.431 185.034 98.3295 289.603 299.629 333.801 232.927 202.238 38.6115 53.5055 215.541 113.139 87.3647 71.8106 268.334 253.191 44.824 181.461 142.825 119.462 118.26 91.9273 73.5219 36.8812 208.353
internal_count=7650 4637 2464 2173 1111 3013 842 438 1353 1451 1562 989 952 177 234 1017 530 401 330 1184 1118 204 807 637 531 545 405 322 164 881
is_linear=0
shrinkage=0.03


Tree=7
num_leaves=31
num_cat=0
split_feature=6 28 6 2 17 10 14 18 6 12 0 12 12 12 2 29 8 10 29 6 2 29 10 12 8 2 10 10 18 18
split_gain=346.612 193.147 124.327 69.9421 44.2371 39.9658 87.9993 41.6957 38.6768 48.1142 37.0113 34.5012 40.65 34.4874 39.2264 45.7462 32.6376 32.3777 30.75 29.3401 36.0675 28.225 25.7013 25.2695 24.8649 23.7374 23.6954 59.965 25.8827 20.6145
threshold=-0.79671859741210926 20.863806724548343 -0.88835394382476796 70.353507995605483 -0.8267650008201598 -0.42000000178813929 0.10999999940395357 1.1485597491264345 -0.9563411772251128 0.14350000023841861 22.549906730651859 0.15450000017881396 0.13849999755620959 -0.2145000025629997 33.96986389160157 77.440567016601577 -28.219446182250973 -0.79500001668930043 76.151096343994155 -0.47246390581130976 6.4584660530090341 76.34873199462892 0.87000000476837169 -0.24849999696016309 -13.026369094848631 135.39229583740237 0.24000000208616259 0.2950000017881394 2.3131852149963383 1.1297983527183535
decision_type=2 2 2 2 2 2 2 2 2 2 2 2 2 2 2 2 2 2 2 2 2 2 2 2 2 2 2 2 2 2
left_child=1 3 10 4 16 18 -7 8 -8 -10 13 12 21 14 15 -3 -1 -15 -6 20 -2 -5 -11 25 -17 -22 -19 -28 -29 -4
right_child=19 2 29 11 5 6 7 -9 9 22 -12 -13 -14 17 -16 24 -18 26 -20 -21 23 -23 -24 -25 -26 -27 27 28 -30 -31
leaf_value=0.017803139036737286 -0.027514922467215062 -0.021135559499473482 -0.012594575491590642 -0.024321285011868664 -0.032035112414027192 0.045105959044405425 0.055096607468481218 -0.016587928556029186 -0.014955166608975097 0.0040784772420375745 0.012147718205540834 -0.035987726273729148 0.037701440367099069 0.0045936655839520849 0.049037444451117525 0.052635144070461576 -0.02392086144037155 0.05360704211084158 0.0089517712205137556 -0.038206581192232879 0.027650758921526693 0.003880240451038762 0.057902078415487827 -0.014437072474593455 0.0053935079800864075 -0.021004790724927631 -0.0074683590777588627 0.049514482170072704 0.012638074878937132 0.0081453048195994724
leaf_weight=21.504062697291374 186.48572112619877 31.087230324745178 78.61589327454567 89.552656978368759 29.913080662488937 65.805746123194695 17.310314387083054 56.168620690703392 41.360351651906967 14.799584299325945 98.966748520731926 61.430429920554161 13.960774451494215 23.174463018774986 24.855469942092896 17.387395828962326 68.200010657310486 96.820127159357071 34.554006591439247 79.35830220580101 27.045549988746643 48.964782536029816 16.762774467468262 156.59791529178619 22.621432811021805 12.439053043723105 25.796629622578621 94.857575550675392 21.868805155158043 93.145135834813118
leaf_count=97 906 136 360 426 142 289 75 260 190 68 438 293 63 101 105 73 319 409 158 393 127 222 74 752 100 61 112 401 93 420
internal_value=0.000453253 0.0088964 0.0203961 -0.00358615 0.0043731 0.0103044 0.0165721 0.00352751 0.0160936 0.00621505 0.0285524 -0.0171755 -0.00941136 0.033035 0.0173791 0.00578456 -0.0138327 0.0386696 -0.0102652 -0.0216253 -0.0180951 -0.0143959 0.0335645 -0.00904218 0.0267071 0.0121823 0.0419362 0.0336896 0.0427717 -0.0013654
internal_weight=1671.41 1209.48 629.197 580.287 366.379 276.674 212.207 146.402 90.233 72.9227 457.436 213.909 152.478 358.469 95.9515 71.0961 89.7041 262.518 64.4671 461.927 382.568 138.517 31.5624 196.083 40.0088 39.4846 239.343 142.523 116.726 171.761
internal_count=7663 5424 2748 2676 1672 1256 956 667 407 332 1968 1004 711 1530 414 309 416 1116 300 2239 1846 648 142 940 173 188 1015 606 494 780
is_linear=0
shrinkage=0.03


Tree=8
num_leaves=31
num_cat=0
split_feature=6 28 2 17 7 6 10 14 18 6 16 6 29 16 2 18 17 29 28 29 16 10 5 14 10 28 18 8 8 17
split_gain=329.202 216.182 57.5437 59.1028 55.9913 43.2482 36.9646 58.8473 41.234 33.3101 29.2958 27.4731 27.2084 26.6328 32.3736 24.6077 23.7869 24.0694 22.6858 21.7919 21.288 23.5673 20.5657 20.2567 24.5779 19.9528 19.3298 23.6913 18.2957 17.0404
threshold=-0.84565824270248402 22.590013504028324 68.861911773681655 -0.87979540228843678 -16.682968139648434 -0.74189642071723927 -0.44499999284744257 0.10999999940395357 1.1595264077186587 -0.9563411772251128 0.24321942031383517 -0.88835394382476796 75.77988433837892 -1.7367364168167112 13.124951362609865 2.5815845727920537 0.69731098413467418 77.10886383056642 25.763958930969242 77.440567016601577 -0.92327180504798878 0.034999999217689044 0.12431468442082406 -0.22999999672174451 0.16000000387430194 18.543931961059574 1.1297983527183535 11.025552749633791 -39.542251586914055 -0.69166129827499379
decision_type=2 2 2 2 2 2 2 2 2 2 2 2 2 2 2 2 2 2 2 2 2 2 2 2 2 2 2 2 2 2
left_child=1 2 3 28 10 13 -5 22 9 -9 -3 16 -4 15 -15 -2 17 -6 25 -12 21 -13 -8 -19 -25 -7 27 -16 -1 -26
right_child=5 4 12 6 11 18 7 8 -10 -11 19 20 -14 14 26 -17 -18 23 -20 -21 -22 -23 -24 24 29 -27 -28 -29 -30 -31
leaf_value=0.014506823342425156 0.031202617915060387 0.046359602585084349 -0.026503791073712812 -0.01038343606507627 0.01200728229641666 -0.0066837688367620629 0.0086730162768192415 0.053023206986003359 -0.015417126602347222 0.007027341261266651 -0.0022776358411257394 0.046459430708145809 -0.0051308974270167038 -0.020193427965061177 0.022914937583228236 -0.016774359877464957 0.0029705631390195436 0.050057060576023431 0.010997800972298848 0.040610932374949414 -0.0098076574697005259 -0.0061299714873021584 0.048874085811825486 -0.00080084952591929516 0.017087711344872289 -0.030394249361676357 -0.014400466607307209 -0.017217469214705048 -0.022678854030641425 0.04618929179917082
leaf_weight=13.645979493856428 24.701409578323364 121.52088701725006 96.483069390058517 47.633189663290977 72.973654240369797 37.53161595761776 15.00399738550186 19.257924795150757 47.663711816072464 48.439386188983917 23.84764190018177 15.314649760723116 120.45561873912811 185.08178998529911 44.233291119337082 14.574977710843084 48.173657178878784 45.215179353952408 14.177268296480177 18.139880180358887 50.160465896129608 14.082211807370184 55.157267019152641 24.438430100679398 34.018308728933334 241.99868351221085 44.351270869374275 17.872006729245186 68.622570693492889 42.647355496883392
leaf_count=61 114 505 469 222 318 184 66 82 221 220 103 65 554 881 203 70 211 193 67 76 228 61 237 106 145 1202 210 84 322 180
internal_value=0.000208478 0.0105208 -0.00285654 0.00531969 0.0244485 -0.0170015 0.0130246 0.019058 0.00576923 0.0206932 0.0389081 0.0175433 -0.0147144 -0.00951865 -0.0126449 0.0134245 0.0221322 0.0263089 -0.0253688 0.0167652 0.00203273 0.0218942 0.0405198 0.0333116 0.0254059 -0.0272459 0.000544503 0.0112762 -0.0164107 0.0336625
internal_weight=1667.42 1042.9 532.363 315.424 510.532 624.522 233.155 185.522 115.361 67.6973 163.508 347.024 216.939 330.815 291.538 39.2764 267.467 219.293 293.708 41.9875 79.5573 29.3969 70.1613 146.319 101.104 279.53 106.457 62.1053 82.2686 76.6657
internal_count=7660 4645 2454 1431 2191 3015 1048 826 523 302 684 1507 1023 1562 1378 184 1153 942 1453 179 354 126 303 624 431 1386 497 287 383 325
is_linear=0
shrinkage=0.03


Tree=9
num_leaves=31
num_cat=0
split_feature=6 28 6 29 16 0 8 10 14 18 10 29 28 16 10 4 10 14 10 29 10 12 4 0 6 18 14 9 16 17
split_gain=320.171 168.053 111.235 60.8384 58.8561 46.6895 44.4692 35.4724 48.153 40.0781 30.1503 27.6082 30.2781 25.2068 27.5784 24.3237 23.7423 54.3745 23.2248 21.4049 20.8543 20.1984 32.3052 20.757 18.2496 20.3208 18.175 18.0495 24.1949 17.7895
threshold=-0.79671859741210926 22.590013504028324 -0.88835394382476796 75.753208160400405 0.97016850113868724 29.370430946350101 -8.7549252510070783 -0.80500000715255726 0.39499999582767492 1.2882678508758547 0.37500000000000006 84.152141571044936 18.543931961059574 -0.92327180504798878 0.10500000044703485 238.50000000000003 0.34499999880790716 0.40500000119209295 1.0349999666213991 79.001594543457045 -0.014999999664723871 -0.16650000214576718 110.50000000000001 39.186338424682624 -0.58134955167770375 0.46393503248691564 -0.5349999964237212 -12.424367904663084 -0.048654217272996896 -1.2069899439811704
decision_type=2 2 2 2 2 2 2 2 2 2 2 2 2 2 2 10 2 2 2 2 2 2 10 2 2 2 2 2 2 2
left_child=1 3 4 16 6 7 26 -5 10 18 15 12 -2 14 -4 20 -1 -18 -10 -6 -9 22 -8 -23 25 -14 -3 28 -22 -27
right_child=11 2 13 5 19 -7 21 8 9 -11 -12 -13 24 -15 -16 -17 17 -19 -20 -21 27 23 -24 -25 -26 29 -28 -29 -30 -31
leaf_value=-0.022508482171436552 -0.0024065838548849492 0.010587593330050356 0.031625156326171862 -0.020681820458383248 -0.015404557920486582 -0.016457499061977597 0.021551448957816004 0.0030763280209809246 -0.0019475295785079637 -0.023275375002219757 0.054199133347189656 0.014342083387748776 0.009554795917499798 -0.0091656956032170264 -0.014479555063095012 0.044799729936677947 0.043620811741120674 -0.017368935657668783 0.034991045997549201 0.024091023239921235 0.058142910929429664 0.03503832426905483 -0.023605508952614335 0.0028056740492995043 -0.037437933112045477 0.0069526207491335135 0.044195999568693495 0.0016220392931690936 0.0077421927404334699 -0.025855727743485525
leaf_weight=142.54656189680099 57.472272023558617 16.489322438836098 33.503483757376671 31.483323276042938 34.766987353563309 78.448059648275375 42.844543427228928 87.573922261595726 38.760654911398888 48.971348285675049 21.777366757392883 18.234910622239113 16.893012717366219 112.02005808055401 16.926909506320953 23.429481759667397 17.190608441829681 46.535174667835236 24.224460422992706 17.867491066455841 21.494497328996658 86.400601044297218 20.180766820907593 22.86981512606144 93.048808321356773 15.422575607895849 187.16265511512756 17.552852228283882 14.410936281085013 247.22735634446144
leaf_count=681 277 70 146 149 154 367 184 397 178 231 94 84 80 518 76 101 76 223 109 76 91 364 90 102 473 73 775 78 65 1226
internal_value=0.000431656 0.0084821 0.0198887 -0.00250515 0.0278853 0.00420773 0.0320349 0.00915998 0.0123693 -0.00316854 0.0216767 -0.0211859 -0.0227221 -0.00124994 0.0161695 0.0170687 -0.0157434 -0.000496653 0.0125841 -0.00179805 0.0121788 0.0206253 0.00694929 0.0283788 -0.0258409 -0.021861 0.0415398 0.02676 0.0386721 -0.0239102
internal_weight=1653.73 1205.43 591.033 614.399 428.582 408.127 375.948 329.679 298.196 111.956 186.239 448.299 430.064 162.45 50.4304 164.462 206.272 63.7258 62.9851 52.6345 141.032 172.296 63.0253 109.27 372.592 279.543 203.652 53.4583 35.9054 262.65
internal_count=7608 5395 2555 2840 1815 1860 1585 1493 1344 518 826 2213 2129 740 222 732 980 299 287 230 631 740 274 466 1852 1379 845 234 156 1299
is_linear=0
shrinkage=0.03


Tree=10
num_leaves=31
num_cat=1
split_feature=6 29 7 29 10 3 8 5 16 3 17 5 17 29 14 10 10 18 18 3 18 32 16 16 5 10 2 5 14 10
split_gain=289.906 159.077 82.0896 55.7936 32.1283 32.7489 36.5357 31.9747 31.649 36.0207 26.9225 26.6935 26.5572 23.0265 24.0915 22.5788 22.2707 21.3801 20.5831 19.3021 19.2143 18.222 18.9273 17.9142 16.4839 16.4831 15.6043 26.8301 18.9707 28.8115
threshold=-0.79671859741210926 75.77988433837892 -6.4217050075530997 76.978988647460952 -0.42000000178813929 71.099273681640639 -22.334910392761227 -0.090113466605544076 0.13302771747112277 254.64307403564456 -1.6770200133323667 0.48901963233947759 0.74397143721580516 77.084831237792983 0.39499999582767492 0.34499999880790716 -0.21000000089406964 0.46393503248691564 0.87687107920646679 206.09146118164065 1.4375147223472597 0 -0.90792918205261219 -1.7123180031776426 -0.73172146081924427 -0.73500001430511464 5.5382544994354257 -0.83753159642219532 -0.30500000715255732 -0.44499999284744257
decision_type=2 2 2 2 2 2 2 2 2 2 2 2 2 2 2 2 2 2 2 2 2 9 2 2 2 2 2 2 2 2
left_child=1 4 3 8 -1 6 -6 -4 9 25 -2 13 -5 14 16 -7 18 24 -9 -17 -10 22 -13 -19 -12 -3 -25 -28 29 -29
right_child=10 2 7 12 5 15 -8 11 20 -11 17 21 -14 -15 -16 19 -18 23 -20 -21 -22 -23 -24 26 -26 -27 27 28 -30 -31
leaf_value=-0.029742221480318996 0.01431209719528841 -0.004609144851196849 -0.021274215274025406 0.039467498048780698 0.02716165811775622 -0.027784111097706017 -0.0068570290282251147 -0.022560114301702586 0.0064630961419941471 -0.022095792524446697 -0.022979789327546053 0.0078856725756089978 0.011208692812031929 0.023260761560461852 -0.011206591917331855 -0.017142963383168182 0.045237466534972223 -0.0010522920608375971 0.018765538566638946 0.021902933953278442 -0.02731604571674541 0.0043634255718797794 -0.034319184831013108 -0.033927830058238267 0.019852516670028238 0.02880253000961815 -0.034892199781390201 -0.016968158528962312 -0.019237631744497403 0.035658218903216486
leaf_weight=63.540665209293365 18.401647701859474 14.557356119155882 36.335209161043167 173.64720170199871 42.189353555440903 70.413550511002541 82.221385583281517 14.935885727405546 50.594623431563377 15.276052653789518 13.047301858663561 14.119498506188391 37.3099465072155 124.33577246963978 48.875944048166275 25.828744053840637 16.70862278342247 28.356482148170471 33.154267251491547 18.807261884212494 20.480253159999847 153.50831240415573 26.692690044641495 136.60498009622097 18.065453708171844 126.01055996119976 78.412938043475151 20.986714109778404 109.73889473080635 15.340320438146589
leaf_count=309 86 68 168 720 186 341 382 69 226 69 67 62 158 531 228 123 71 138 146 88 97 703 125 691 84 544 405 103 538 75
internal_value=0.000267979 0.00784759 0.014134 0.0234597 -0.0109453 -0.00585463 0.00480376 0.00538967 0.0130467 0.0205739 -0.0205881 0.00767456 0.0345461 0.0143884 0.00456562 -0.0173223 0.0164517 -0.0221455 0.00573247 -0.000571633 -0.00351433 -0.000580294 -0.0160418 -0.0240528 0.0017343 0.0253343 -0.0258512 -0.0208075 -0.0130605 0.00561504
internal_weight=1648.5 1209.54 906.542 437.876 303.001 239.46 124.411 468.666 226.919 155.844 438.955 432.331 210.957 238.01 113.675 115.05 64.7988 420.553 48.0902 44.636 71.0749 194.321 40.8122 389.44 31.1128 140.568 361.084 224.479 146.066 36.327
internal_count=7601 5414 3985 1882 1429 1120 568 2103 1004 681 2187 1935 878 1045 514 552 286 2101 215 211 323 890 187 1950 151 612 1812 1121 716 178
cat_boundaries=0 1
cat_threshold=32
is_linear=0
shrinkage=0.03


end of trees

feature_importances:
oni=36
doy_cos=34
nino34=34
dmi=32
centroid_lon=31
rmm1=24
rmm2=20
doy_sin=18
amplitude=18
centroid_lat=17
rain_prev_30=11
rain_prev_7_anom=10
rain_prev_30_anom=10
rain_prev_14_anom=9
days_since_wet=8
rain_prev_7=6
season_to_date=4
rain_prev_14=3
mjo_phase_2=2
zone_id=2
state=1

parameters:
[boosting: gbdt]
[objective: binary]
[metric: binary_logloss]
[tree_learner: serial]
[device_type: cpu]
[data_sample_strategy: bagging]
[data: ]
[valid: ]
[num_iterations: 2000]
[learning_rate: 0.03]
[num_leaves: 31]
[num_threads: 0]
[seed: 42]
[deterministic: 0]
[force_col_wise: 0]
[force_row_wise: 0]
[histogram_pool_size: -1]
[max_depth: -1]
[min_data_in_leaf: 60]
[min_sum_hessian_in_leaf: 0.001]
[bagging_fraction: 0.8]
[pos_bagging_fraction: 1]
[neg_bagging_fraction: 1]
[bagging_freq: 1]
[bagging_seed: 400]
[bagging_by_query: 0]
[feature_fraction: 0.8]
[feature_fraction_bynode: 1]
[feature_fraction_seed: 30056]
[extra_trees: 0]
[extra_seed: 12879]
[early_stopping_round: 0]
[early_stopping_min_delta: 0]
[first_metric_only: 0]
[max_delta_step: 0]
[lambda_l1: 0]
[lambda_l2: 1]
[linear_lambda: 0]
[min_gain_to_split: 0]
[drop_rate: 0.1]
[max_drop: 50]
[skip_drop: 0.5]
[xgboost_dart_mode: 0]
[uniform_drop: 0]
[drop_seed: 17869]
[top_rate: 0.2]
[other_rate: 0.1]
[min_data_per_group: 100]
[max_cat_threshold: 32]
[cat_l2: 10]
[cat_smooth: 10]
[max_cat_to_onehot: 4]
[top_k: 20]
[monotone_constraints: ]
[monotone_constraints_method: basic]
[monotone_penalty: 0]
[feature_contri: ]
[forcedsplits_filename: ]
[refit_decay_rate: 0.9]
[cegb_tradeoff: 1]
[cegb_penalty_split: 0]
[cegb_penalty_feature_lazy: ]
[cegb_penalty_feature_coupled: ]
[path_smooth: 0]
[interaction_constraints: ]
[verbosity: -1]
[saved_feature_importance_type: 0]
[use_quantized_grad: 0]
[num_grad_quant_bins: 4]
[quant_train_renew_leaf: 0]
[stochastic_rounding: 1]
[linear_tree: 0]
[max_bin: 255]
[max_bin_by_feature: ]
[min_data_in_bin: 3]
[bin_construct_sample_cnt: 200000]
[data_random_seed: 175]
[is_enable_sparse: 1]
[enable_bundle: 1]
[use_missing: 1]
[zero_as_missing: 0]
[feature_pre_filter: 1]
[pre_partition: 0]
[two_round: 0]
[header: 0]
[label_column: ]
[weight_column: ]
[group_column: ]
[ignore_column: ]
[categorical_feature: 31,32]
[forcedbins_filename: ]
[precise_float_parser: 0]
[parser_config_file: ]
[objective_seed: 16083]
[num_class: 1]
[is_unbalance: 0]
[scale_pos_weight: 1]
[sigmoid: 1]
[boost_from_average: 1]
[reg_sqrt: 0]
[alpha: 0.9]
[fair_c: 1]
[poisson_max_delta_step: 0.7]
[tweedie_variance_power: 1.5]
[lambdarank_truncation_level: 30]
[lambdarank_norm: 1]
[label_gain: ]
[lambdarank_position_bias_regularization: 0]
[eval_at: ]
[multi_error_top_k: 1]
[auc_mu_weights: ]
[num_machines: 1]
[local_listen_port: 12400]
[time_out: 120]
[machine_list_filename: ]
[machines: ]
[gpu_platform_id: -1]
[gpu_device_id: -1]
[gpu_device_id_list: ]
[gpu_use_dp: 0]
[num_gpu: 1]

end of parameters

pandas_categorical:[["Bihar", "Madhya Pradesh", "Maharashtra", "Uttar Pradesh"], ["BI-2", "BI-3", "MH-6/MH-7", "MP-10", "MP-10/MP-5", "UP-10", "UP-8"]]
