tree
version=v4
num_class=1
num_tree_per_iteration=1
label_index=0
max_feature_idx=32
objective=binary sigmoid:1
feature_names=rain_prev_7 rain_prev_14 rain_prev_30 season_to_date days_since_wet doy_sin doy_cos rain_prev_7_anom rain_prev_14_anom rain_prev_30_anom oni oni_age_days dmi dmi_age_days nino34 nino34_age_days rmm1 rmm2 amplitude mjo_age_days mjo_phase_1 mjo_phase_2 mjo_phase_3 mjo_phase_4 mjo_phase_5 mjo_phase_6 mjo_phase_7 mjo_phase_8 centroid_lat centroid_lon small_unit state zone_id
feature_infos=[0:522.22113037109375] [0:568.645751953125] [0:716.006591796875] [0:1074.4586181640625] [0:323] [-0.99819540977478027:0.7295575737953186] [-0.99941062927246094:-0.060048960149288177] [-119.4168701171875:409.92333984375] [-183.03031921386719:389.93203735351562] [-314.55081176757812:409.47555541992188] [-1.3700000047683716:1.690000057220459] [63:90] [-0.86100000143051147:0.81099998950958252] [32:59] [-1.190000057220459:1.9700000286102295] [32:59] [-2.703779935836792:3.1550700664520264] [-2.4152100086212158:3.5100479125976562] [0.026713300496339798:3.5471172332763672] none [0:1] [0:1] [0:1] [0:1] [0:1] [0:1] [0:1] [0:1] [18.132350921630859:26.753688812255859] [75.09625244140625:87.400367736816406] none -1:2:1:3:0 -1:2:3:4:5:6:1
tree_sizes=3389 3451 3466 3447 3438 3450 3482 3451 3445 3446 3464

Tree=0
num_leaves=31
num_cat=0
split_feature=6 28 12 6 5 29 6 29 14 6 12 14 18 14 0 12 9 7 14 29 12 12 1 2 10 14 12 17 14 1
split_gain=549.739 442.591 135.638 87.3894 76.2238 66.8956 55.9717 47.6679 45.1011 54.959 43.3818 42.2254 35.8113 33.1331 30.6381 29.5485 29.2897 27.9462 26.4397 25.5692 35.1762 30.7331 25.03 25.7688 23.1557 46.9931 22.1067 27.6833 26.3602 23.223
threshold=-0.79671859741210926 22.590013504028324 -0.02450000029057264 -0.88835394382476796 -0.78753387928009022 75.753208160400405 -0.89225733280181874 77.084831237792983 0.39499999582767492 -0.90877163410186756 -0.13650000095367429 0.9650000035762788 0.51278150081634533 0.43500000238418585 14.54085683822632 0.046000000089406974 -48.133955001831048 -29.850615501403805 0.37500000000000006 81.26676177978517 -0.058499999344348901 -0.20100000500679013 11.248917579650881 62.588274002075202 -0.44499999284744257 -0.030000000260770317 0.092000000178813948 0.78632986545562755 -0.56999999284744252 13.862015724182131
decision_type=2 2 2 2 2 2 2 2 2 2 2 2 2 2 2 2 2 2 2 2 2 2 2 2 2 2 2 2 2 2
left_child=1 2 5 7 -2 16 17 14 9 -7 -10 13 -6 18 -3 19 -1 -4 22 20 21 -5 -8 -24 -11 -26 28 -28 -14 -30
right_child=4 3 6 15 12 8 11 -9 10 24 -12 -13 26 -15 -16 -17 -18 -19 -20 -21 -22 -23 23 -25 25 -27 27 -29 29 -31
leaf_value=-0.28756863349349132 -0.35294270135824302 -0.27637875645018956 -0.30546483653922629 -0.32177846352511175 -0.29854241377900642 -0.2621256156679394 -0.32840075778031752 -0.26562576455275849 -0.3245358086317216 -0.33038790598786277 -0.27527596549034783 -0.27073534302859092 -0.30166853590737119 -0.34834012569330008 -0.3063038840695107 -0.28271885440920275 -0.32694224255597953 -0.33872875218628856 -0.2766684651561564 -0.27911224055710676 -0.34767530288612436 -0.27994264873792646 -0.27435568333931831 -0.32572515182939127 -0.26062258678364375 -0.31997350193476615 -0.33071010393129974 -0.30125977362131701 -0.34320034672664779 -0.32037017731539486
leaf_weight=20.510779023170471 135.02929523587227 82.775643914937973 25.39429783821106 35.161335468292236 36.138039231300354 74.229485988616943 59.090577661991119 313.27773198485374 49.079364091157913 16.115612089633942 22.708362489938736 18.801547437906265 19.534075260162354 24.661770015954971 48.835188150405884 76.427069455385208 82.043116092681885 205.8403180539608 16.603963971138 21.975834667682648 20.754954963922501 27.103529423475266 19.289899319410324 14.650556445121763 23.440890312194824 22.952538430690765 70.078494995832443 47.614308446645737 169.21392694115639 54.45123478770256
leaf_count=84 553 339 104 144 148 304 242 1283 201 66 93 77 80 101 200 313 336 843 68 90 85 111 79 60 96 94 287 195 693 223
internal_value=-0.307789 -0.297424 -0.313898 -0.279152 -0.33351 -0.299185 -0.325797 -0.272004 -0.289458 -0.279409 -0.308723 -0.311686 -0.326804 -0.31765 -0.287389 -0.296779 -0.318949 -0.335082 -0.310441 -0.307152 -0.314826 -0.303417 -0.316735 -0.296412 -0.300327 -0.289626 -0.329651 -0.318842 -0.334815 -0.337724
internal_weight=1853.78 1321.72 695.413 626.311 532.059 311.08 384.333 444.889 208.526 136.739 71.7877 153.098 397.03 134.297 131.611 181.423 102.554 231.235 109.635 104.996 83.0198 62.2649 93.031 33.9405 62.509 46.3934 360.892 117.693 243.199 223.665
internal_count=7592 5413 2848 2565 2179 1274 1574 1822 854 560 294 627 1626 550 539 743 420 947 449 430 340 255 381 139 256 190 1478 482 996 916
is_linear=0
shrinkage=1


Tree=1
num_leaves=31
num_cat=0
split_feature=6 28 12 6 5 29 14 10 10 10 12 29 29 12 10 12 12 14 10 17 14 17 17 12 12 29 10 5 3 10
split_gain=503.191 403.556 136.965 80.9634 79.1944 63.6048 54.4344 62.8495 82.9415 53.5352 47.3544 38.5222 37.215 37.1149 48.8407 34.8149 29.8748 29.161 56.6234 28.8876 28.2969 35.1629 25.16 24.8797 32.4734 22.152 21.6762 23.5465 22.0573 21.4093
threshold=-0.79671859741210926 22.590013504028324 -0.02450000029057264 -0.88835394382476796 -0.78753387928009022 75.224540710449233 0.70499998331069957 0.1799999997019768 0.10500000044703485 0.87000000476837169 0.14350000023841861 75.77988433837892 77.084831237792983 -0.158500000834465 -0.35500000417232508 0.35000000894069677 0.046000000089406974 -0.030000000260770317 -0.43500000238418574 0.13863901793956759 -0.5349999964237212 -0.44818769395351404 -0.060567200183868401 -0.081000000238418565 -0.20100000500679013 76.34873199462892 0.7150000035762788 0.45150023698806768 11.415996551513674 0.2950000017881394
decision_type=2 2 2 2 2 2 2 2 2 2 2 2 2 2 2 2 2 2 2 2 2 2 2 2 2 2 2 2 2 2
left_child=1 2 5 12 -2 -1 7 8 13 11 -11 -4 20 14 22 17 23 18 -6 -17 -3 -22 -7 24 -5 -15 27 29 -29 -13
right_child=4 3 9 16 15 6 -8 -9 -10 10 -12 26 -14 25 -16 19 -18 -19 -20 -21 21 -23 -24 -25 -26 -27 -28 28 -30 -31
leaf_value=-0.031429526549198096 -0.044572942284039338 -0.016053840327309409 -0.033659497588013731 -0.0065989078219927224 -0.024398924730877347 -0.018762227105069248 -0.014770856436715541 0.040010952421302606 -0.044402176695069823 -0.025454384605269043 0.031125706003575063 -0.027004841304883308 0.039819557043217026 -0.027129278602154513 0.048521244226199543 -0.017026761435255739 0.024263679208019095 -0.029659137579323147 0.011903319503204026 0.028804588873328249 0.0067850953134028225 0.040768455402165879 0.026687443532622233 -0.021620575526825447 0.034557854891350381 0.018028990185195874 -0.046456100668027307 -0.0058673605396325412 0.034982931350062293 0.00043711433227881232
leaf_weight=30.957471877336502 135.97142274677753 16.146501421928406 149.36902958154678 43.17380878329277 114.98256708681583 21.045552670955658 50.484950959682465 83.667693361639977 22.412528574466705 20.651269435882568 33.759141117334366 74.438679903745651 310.49089336395264 21.491528108716011 46.338843017816544 23.864171743392944 76.952039420604706 181.6040964871645 57.26978699862957 23.711559906601906 49.963133245706558 60.984054297208786 20.833015948534012 32.626704096794128 27.459161132574081 16.380859360098839 15.077889695763586 40.679257571697235 15.688049569725989 38.671673476696014
leaf_count=127 561 66 614 177 472 86 207 342 92 85 138 306 1264 88 189 98 314 747 235 97 204 249 85 134 112 67 62 167 64 159
internal_value=-0.00038605 0.00957912 -0.00598302 0.0272421 -0.0248306 0.00874837 0.0132441 0.0193731 0.00755571 -0.0178718 0.00957912 -0.0223599 0.0342031 0.017068 0.0276402 -0.0180494 0.0102442 -0.0212822 -0.0123303 0.00593815 0.0202783 0.025662 0.00394238 -0.000336084 0.0096602 -0.00763574 -0.0130825 -0.00985829 0.00591364 -0.017701
internal_weight=1857.15 1319.74 701.947 617.796 537.404 313.612 282.655 232.17 148.502 388.335 54.4104 333.925 437.585 126.09 88.2174 401.432 180.212 353.856 172.252 47.5757 127.094 110.947 41.8786 103.26 70.633 37.8724 184.556 169.478 56.3673 113.11
internal_count=7608 5398 2878 2520 2210 1283 1156 949 607 1595 223 1372 1783 515 360 1649 737 1454 707 195 519 453 171 423 289 155 758 696 231 465
is_linear=0
shrinkage=0.03


Tree=2
num_leaves=31
num_cat=1
split_feature=6 32 12 6 5 10 29 14 10 14 0 12 10 12 17 29 12 5 1 16 5 10 6 2 29 12 12 12 21 16
split_gain=490.875 348.117 125.458 81.1837 77.6 63.7292 57.9937 63.3181 60.7575 68.3951 51.782 51.3967 44.9535 41.7305 32.4401 30.1991 28.9328 27.1374 29.4488 26.8203 25.3459 25.1817 24.7874 24.7848 25.8221 24.1581 23.9601 25.3637 29.5664 23.202
threshold=-0.79671859741210926 0 -0.02450000029057264 -0.92449048161506642 -0.75976759195327748 0.87000000476837169 75.224540710449233 0.70499998331069957 0.1799999997019768 -0.095000002533197389 27.520345687866214 0.14350000023841861 -0.35500000417232508 0.35000000894069677 -1.3414282798767088 83.357944488525405 0.024500000290572647 0.45150023698806768 7.9788107872009286 0.11668841913342477 0.4124008715152741 -0.79500001668930043 -0.86977231502532948 6.4584660530090341 84.152141571044936 -0.33699999749660486 -0.02450000029057264 -0.2145000025629997 1.0000000180025095e-35 1.0014202296733858
decision_type=2 9 2 2 2 2 2 2 2 2 2 2 2 2 2 2 2 2 2 2 2 2 2 2 2 2 2 2 2 2
left_child=1 2 6 10 -2 17 -1 8 9 12 14 -7 20 23 -3 16 26 -4 -19 -12 -8 -16 -13 -6 -25 -11 27 -5 -29 -23
right_child=4 3 5 15 13 11 7 -9 -10 25 19 22 -14 -15 21 -17 -18 18 -20 -21 -22 29 -24 24 -26 -27 -28 28 -30 -31
leaf_value=-0.030335888823917061 -0.042696839763544811 0.0076698253741102913 -0.028591113851133082 -0.0087968855394021227 -0.027940645054530151 -0.026211618381391077 0.026618101240684547 -0.016546192241202667 0.041251716893282525 0.012118333833573445 0.025743867782941177 0.0045743347149956393 0.053615581732335285 0.010939922643246147 0.0083092965156853927 0.036555371841674213 0.020642915175443529 -0.019543422828590739 0.019433825758485526 -0.0090309084459798666 -0.014491008310490196 0.048313319928912746 0.055763572103434626 -0.01566862388601278 0.025201673065605171 -0.032841029297329155 -0.030516038795030169 0.029427718302169371 -0.016550068028367029 0.021702636274723679
leaf_weight=30.307842791080475 152.29860255122185 27.332624450325966 228.24214555323124 62.846711963415146 191.69488582015038 19.347399160265923 27.969209000468254 51.829475909471512 76.990165591239929 14.672022089362143 49.872301176190376 15.175928398966787 29.361213445663452 41.250286310911179 18.914744734764099 39.347570553421974 102.51882007718086 60.1889358907938 23.495384186506271 32.17889715731144 24.39138987660408 223.33415973186493 18.972265988588333 137.27740181982517 14.568525299429892 35.27370373904705 19.120573490858078 48.213446319103241 16.18138775229454 36.724194049835205
leaf_count=125 633 111 943 257 791 80 114 213 313 60 203 62 119 169 77 160 417 248 96 131 100 906 77 566 60 145 79 196 66 149
internal_value=-0.000421309 0.00933662 -0.00628988 0.0242151 -0.0246082 -0.0180658 0.00830376 0.0128983 0.0202562 0.0077611 0.0335164 0.012008 0.0245521 -0.0173567 0.0391787 0.0124472 0.00850471 -0.0232454 -0.00849983 0.0121613 0.00755536 0.0422273 0.0337918 -0.0207763 -0.0116082 -0.0196552 -7.98449e-05 0.00469609 0.0177978 0.044653
internal_weight=1869.89 1332.8 656.217 676.585 537.09 365.422 290.795 260.487 208.658 131.668 388.357 53.4956 81.7218 384.791 306.306 288.229 248.881 311.926 83.6843 82.0512 52.3606 278.973 34.1482 343.541 151.846 49.9457 146.362 127.242 64.3948 260.058
internal_count=7666 5447 2695 2752 2219 1506 1189 1064 851 538 1577 219 333 1586 1243 1175 1015 1287 344 334 214 1132 139 1417 626 205 598 519 262 1055
cat_boundaries=0 1
cat_threshold=4
is_linear=0
shrinkage=0.03


Tree=3
num_leaves=31
num_cat=0
split_feature=6 28 12 5 6 9 10 14 10 16 12 12 29 5 2 29 12 10 12 14 16 16 10 14 5 1 6 29 5 29
split_gain=449.17 383.489 115.471 70.8411 70.7976 61.877 55.5563 51.1996 47.0695 38.1381 37.4319 35.5026 34.962 33.959 27.6072 25.607 26.9191 23.9531 23.6941 24.425 48.4686 36.4804 23.5471 23.2225 22.9365 34.1307 22.5341 22.4045 21.2575 22.6132
threshold=-0.79671859741210926 22.590013504028324 -0.02450000029057264 -0.78753387928009022 -0.92449048161506642 -47.147912979125969 0.87000000476837169 0.15500000119209292 -0.35500000417232508 0.97016850113868724 0.35000000894069677 0.14350000023841861 75.655178070068374 -0.090113466605544076 12.3332896232605 81.26676177978517 0.024500000290572647 0.35999999940395361 -0.02450000029057264 -0.030000000260770317 -0.16562999784946439 -0.40991735458374018 1.2450000047683718 0.40500000119209295 0.45150023698806768 7.9788107872009286 -0.86977231502532948 77.084831237792983 -0.63756072521209706 76.013408660888686
decision_type=2 2 2 2 2 2 2 2 2 2 2 2 2 2 2 2 2 2 2 2 2 2 2 2 2 2 2 2 2 2
left_child=1 2 5 -2 9 13 24 8 -7 27 14 -8 -10 -1 -5 16 18 -9 19 21 -21 -6 -19 -11 -4 -26 -13 -3 -16 -30
right_child=3 4 6 10 15 7 11 17 12 23 -12 26 -14 -15 28 -17 -18 22 -20 20 -22 -23 -24 -25 25 -27 -28 -29 29 -31
leaf_value=-0.0048087053710854201 -0.042146448322885569 0.026013013303258597 -0.026655159525705546 -0.026705638224250611 0.039451891921063374 -0.0064769897885948282 -0.019974787885022972 -0.029553211823635961 -0.0066395526463727973 -0.0082366420380608554 0.0077137154979900419 0.0022798007399489877 0.041973065338277805 0.043345117543231913 -0.022987000667162104 0.033028741077721108 0.022028326239304796 0.0098455645184667411 -0.032739566988372278 -0.028367066282703825 0.026925557574028286 -0.013760647111889573 -0.029080085134025477 0.032054217398051997 -0.020472029723619389 0.019521583999735193 0.049427152313473055 0.044395227696632532 -0.028763863265737235 0.010402441706838687
leaf_weight=17.111791506409645 135.57507018744946 90.705540463328362 239.71452111005783 226.062598913908 32.212757840752602 59.293281838297844 21.423793017864227 50.714376330375671 17.494928151369095 27.133877709507942 47.899066060781479 16.904649198055267 51.608234688639641 53.775072425603867 55.843252152204514 52.78731432557106 91.507089614868164 44.84840515255928 15.627409622073172 36.394947081804276 22.116712138056755 17.178760260343552 19.131883874535561 22.965089753270149 64.63061960041523 26.245486363768578 19.082598060369492 212.60937228798866 16.21028958261013 56.932701244950294
leaf_count=70 569 368 995 937 131 243 89 209 72 110 196 69 209 218 231 214 371 183 65 149 90 70 79 93 267 107 77 858 67 235
internal_value=-0.000358493 0.00904238 -0.00614936 -0.0234316 0.0261908 0.00736429 -0.0170757 0.000132952 0.0130978 0.0350021 -0.017046 0.0100244 0.0297466 0.0318158 -0.0203986 0.0144768 0.0097909 -0.0143685 0.000621742 0.00570966 -0.00736586 0.0210384 -0.00206268 0.0104983 -0.021798 -0.00883491 0.0279406 0.0390016 -0.00922443 0.00145135
internal_weight=1861.74 1323.22 701.98 538.523 621.239 313.978 388.002 243.091 128.396 353.414 402.948 57.411 69.1032 70.8869 355.049 267.825 215.038 114.695 123.531 107.903 58.5117 49.3915 63.9803 50.099 330.591 90.8761 35.9872 303.315 128.986 73.143
internal_count=7641 5406 2887 2235 2519 1283 1604 995 524 1429 1666 235 281 288 1470 1090 876 471 505 440 239 201 262 203 1369 374 146 1226 533 302
is_linear=0
shrinkage=0.03


Tree=4
num_leaves=31
num_cat=0
split_feature=6 29 12 4 5 6 29 14 28 6 2 29 14 12 18 28 12 17 9 5 14 14 8 3 2 12 29 4 9 12
split_gain=429.519 322.708 106.616 84.5743 71.9427 70.06 63.1537 52.6077 63.8287 37.6199 33.0325 30.3233 27.2346 26.0206 23.9231 23.0599 24.9125 25.5648 22.8012 21.9918 21.8063 23.137 21.5727 20.4094 20.3969 25.2298 29.225 20.1429 19.9762 19.5761
threshold=-0.79671859741210926 76.978988647460952 -0.02450000029057264 248.50000000000003 -0.8126716911792754 -0.89225733280181874 75.753208160400405 -0.38499999046325678 20.863806724548343 -0.90877163410186756 141.78553009033206 76.013408660888686 0.39499999582767492 -0.13650000095367429 1.4650008082389834 18.63957500457764 0.35000000894069677 0.13863901793956759 -37.87951469421386 1.0000000180025095e-35 -0.030000000260770317 -0.22999999672174451 -4.7416677474975577 9.3670773506164569 14.492906570434572 -0.24849999696016309 78.715969085693374 213.50000000000003 -75.167694091796861 -0.00450000021373853
decision_type=2 2 2 10 2 2 2 2 2 2 2 2 2 2 2 2 2 2 2 2 2 2 2 2 2 2 2 10 2 2
left_child=1 2 6 7 -2 -3 18 -4 11 12 -10 -9 19 14 -14 27 24 -18 -1 -8 21 -11 -7 -24 -17 -26 -27 -6 -13 -25
right_child=4 5 3 -5 15 22 9 8 10 20 -12 28 13 -15 -16 16 17 -19 -20 -21 -22 -23 23 29 25 26 -28 -29 -30 -31
leaf_value=0.012298117392247098 -0.042644328319694391 0.037375516360250709 -0.034712851859167657 0.04669817610659574 -0.010003995442441554 0.025939294720679688 0.0066445755022788155 -0.026540070029967971 0.0046164711625763114 0.002204065174103033 0.054651137961576765 0.022321554450252527 0.023302980321134321 0.035655669862435728 -0.023796962447879971 -0.028390422309832256 -0.020770516671056827 0.027573150049155483 -0.015468913293116214 0.0434178043532326 -0.009043822013339432 0.045265580341264419 -0.0033154633541930974 0.0025945727119687312 0.015489235272645655 -0.029529378934074917 0.015525911018446727 0.027726893148178847 -0.010848689124024372 0.043380208801749851
leaf_weight=35.390128970146179 129.80218902230263 287.34924027323723 99.831751301884651 19.485439509153366 52.620226249098778 81.569484293460846 18.540465667843819 130.97076563537121 49.123516693711281 30.573570445179939 14.754318445920942 18.254361987113953 15.439440637826918 21.973991394042969 22.750606030225754 204.9859764277935 19.210924133658409 18.207347571849823 99.284998744726181 76.498794659972191 58.048330157995224 16.850248232483864 76.727049112319946 21.86695621907711 22.914187103509903 59.187615886330605 15.826998785138128 15.70161499083042 108.36333985626698 19.790486797690392
leaf_count=144 550 1158 414 79 218 331 75 545 200 125 60 75 63 89 94 854 79 74 408 309 238 68 313 89 95 246 65 65 449 80
internal_value=-0.000671768 0.00851963 -0.00279382 -0.0129256 -0.0232366 0.0278977 0.00850639 -0.0157873 -0.00982053 0.0171024 0.0168376 -0.0164709 0.0264509 0.0104154 -0.0046467 -0.016983 -0.0201675 0.00285842 -0.00813539 0.0363879 0.00322685 0.0181231 0.0141591 0.00589293 -0.0230119 -0.0115804 -0.0199442 -0.00105786 -0.00592913 0.0225336
internal_weight=1861.89 1323.44 836.134 440.783 538.457 487.303 395.351 421.298 321.466 260.675 63.8778 257.588 155.203 60.164 38.19 408.655 340.333 37.4183 134.675 95.0393 105.472 47.4238 199.954 118.384 302.915 97.9288 75.0146 68.3218 126.618 41.6574
internal_count=7652 5406 3435 1822 2246 1971 1613 1743 1329 1061 260 1069 630 246 157 1696 1413 153 552 384 431 193 813 482 1260 406 311 283 524 169
is_linear=0
shrinkage=0.03


Tree=5
num_leaves=31
num_cat=0
split_feature=6 29 29 5 6 12 4 10 29 10 1 12 12 5 10 2 10 1 8 18 12 5 4 14 12 12 9 10 14 0
split_gain=409.008 317.115 101.025 67.2182 59.7293 59.4592 48.6202 40.3371 38.7675 29.617 29.5488 28.1527 65.1417 35.8675 26.3626 25.6507 24.107 23.6608 22.6382 19.5798 19.5525 19.5467 20.3818 18.3036 18.4753 24.2741 19.9046 17.6976 17.0312 17.0219
threshold=-0.79671859741210926 76.978988647460952 75.77988433837892 -0.78753387928009022 -0.88835394382476796 -0.02450000029057264 248.50000000000003 0.87000000476837169 75.224540710449233 -0.64500001072883595 63.143188476562507 -0.29899999499320978 -0.36949999630451197 -0.04725049436092376 -0.64500001072883595 4.7980852127075204 1.2450000047683718 102.83799743652345 -4.612518072128295 2.3088001012802128 0.14350000023841861 0.4124008715152741 126.50000000000001 -0.56999999284744252 -0.23350000381469724 0.092000000178813948 -41.681695938110344 0.7150000035762788 -0.37499999999999994 35.790466308593757
decision_type=2 2 2 2 2 2 10 2 2 2 2 2 2 2 2 2 2 2 2 2 2 2 10 2 2 2 2 2 2 2
left_child=1 2 8 -2 29 11 7 14 -1 -10 19 12 16 -13 -7 -5 -4 23 -6 -11 -9 -15 -23 -17 -25 -26 -27 -16 -20 -3
right_child=3 4 5 15 18 6 -8 20 9 10 -12 13 -14 21 27 17 -18 -19 28 -21 -22 22 -24 24 25 26 -28 -29 -30 -31
leaf_value=-0.034201336896014935 -0.040481622240656663 0.037462655225729502 0.035057842359348487 -0.023415094098524668 0.027101403072833763 -0.032242914611856133 0.044967187259886097 -0.0042615190834877064 -0.032736792808112605 0.0028686213750867013 -0.027593691282470575 -0.0095499763374614407 -0.038828705352064424 0.039448965346450669 -0.0026860475906743033 0.022167737025647581 -0.0091686714611543714 -0.039710277847584054 0.025653100136618538 -0.031568498301152 0.040040172211268668 -0.0059680660657410959 0.029505155982228762 0.010443539037755186 -0.02559359214293128 -0.023043436147440994 0.0139448146194203 -0.03429395323810671 -0.0050185896463139671 0.015524114745463013
leaf_weight=70.885616108775139 133.15703991055489 306.38928060233593 33.726571768522263 198.40177251398563 52.806242972612381 45.136245474219322 16.34696364402771 14.940640971064566 40.418808937072754 174.09101025760174 42.036225289106369 23.947636127471924 23.172593235969543 80.848142400383949 138.28375290334225 19.369482785463333 15.782675907015799 18.252598524093628 20.424842074513435 15.237245678901671 20.778949648141861 22.518215999007225 38.875383242964745 36.669533878564835 67.209547877311707 19.092230647802353 36.599415048956871 17.054737031459808 67.129978314042091 37.714246734976768
leaf_count=296 570 1232 136 829 214 188 66 62 168 717 175 98 96 326 571 80 65 76 83 63 84 92 158 152 280 79 151 71 274 152
internal_value=0.000173845 0.00911314 -0.00210439 -0.0220932 0.0283904 0.00661033 -0.00353675 -0.00706913 -0.0145848 -0.00936187 -0.00515502 0.0173081 0.00169612 0.0240849 -0.0123135 -0.0158171 0.0210568 -0.00809304 0.0117849 -5.41992e-05 0.0218984 0.0297748 0.016607 -0.00466519 -0.00804008 -0.0135947 0.00108169 -0.00635346 0.00234541 0.0351101
internal_weight=1847.3 1318.55 834.081 528.752 484.465 491.413 252.541 236.194 342.669 271.783 231.364 238.871 72.6818 166.189 200.475 395.595 49.5092 197.193 140.361 189.328 35.7196 142.242 61.3936 178.94 159.571 122.901 55.6916 155.338 87.5548 344.104
internal_count=7604 5387 3432 2217 1955 2013 1042 976 1419 1123 955 971 297 674 830 1647 201 818 571 780 146 576 250 742 662 510 230 642 357 1384
is_linear=0
shrinkage=0.03


Tree=6
num_leaves=31
num_cat=1
split_feature=6 28 12 6 6 10 9 14 10 12 29 4 28 32 12 4 14 16 29 12 17 14 10 10 14 6 10 4 17 6
split_gain=357.934 321.014 113.647 67.7056 67.1028 53.4339 52.0773 39.4002 33.0914 33.0906 25.8926 26.6371 25.4306 25.3439 25.342 25.0598 24.5545 27.0599 21.1915 20.8836 24.5946 27.5782 39.7523 20.758 22.4848 20.228 19.2569 18.1024 17.7986 17.5305
threshold=-0.79671859741210926 22.590013504028324 -0.02450000029057264 -0.88835394382476796 -0.58134955167770375 0.87000000476837169 -37.87951469421386 0.18500000238418582 -0.35500000417232508 0.14350000023841861 77.084831237792983 2.5000000000000004 25.763958930969242 0 -0.29899999499320978 156.50000000000003 -0.030000000260770317 -0.4356549978256225 75.77988433837892 0.35000000894069677 -1.2069899439811704 -0.030000000260770317 -0.42000000178813929 0.35999999940395361 0.70499998331069957 -0.90877163410186756 -0.87499999999999989 243.50000000000003 -0.72187915444374073 -0.86977231502532948
decision_type=2 2 2 2 2 2 2 2 2 2 2 10 2 9 2 10 2 2 2 2 2 2 2 2 2 2 2 8 2 2
left_child=1 2 6 10 13 18 -1 8 25 -7 11 -3 14 27 -5 -16 -10 -18 -4 20 -15 22 26 -9 -25 -8 -22 -2 -13 -11
right_child=4 3 5 12 -6 9 7 23 16 29 -12 28 -14 19 15 -17 17 -19 -20 -21 21 -23 -24 24 -26 -27 -28 -29 -30 -31
leaf_value=0.026526186881762389 -0.036755789869512431 -0.0080805463645802472 -0.030657616025677296 -0.025950928396857652 -0.04079394483271713 -0.019081792547135858 0.013613795268773661 -0.029571952189128656 0.043389680856472553 0.0039171350707673021 0.034052777047382868 0.0041695832182138031 0.034885812271490159 0.023387457407844665 -0.0066907763127427465 0.019347334566372287 -0.021444398336258386 0.030918598220584442 -0.015035221606120803 0.010727449472781397 0.0068381224550154301 -0.025230180434380522 0.022601854595095693 0.018216573215609828 -0.018033035879542355 -0.022119717762388517 -0.023360053624517176 -0.0054776903372888291 0.032616469920973903 0.046811175866183975
leaf_weight=87.735861301422119 83.389219850301743 27.484750688076019 142.33728410303593 22.113329708576202 121.75439746677876 21.26373153924942 25.105160921812057 43.625696629285812 32.430735349655151 15.710842683911322 322.23930561542511 27.455558851361275 25.552040696144104 14.833615541458128 58.134983912110329 75.543207198381424 15.56169845163822 18.233670189976692 180.67217482626438 37.071435824036598 25.524377778172493 125.49852111935616 32.825150072574615 25.883556708693504 35.080727770924568 30.552018672227859 69.285496279597282 21.232121884822845 73.070285126566887 18.419579386711121
leaf_count=355 350 112 600 91 527 89 102 182 131 64 1292 111 103 62 238 306 64 74 752 152 106 527 136 105 145 126 290 89 295 74
internal_value=-0.000523615 0.00782362 -0.0062793 0.0232745 -0.0212993 -0.0173329 0.00704541 -0.000584894 0.010966 0.00974711 0.0294994 0.017862 0.00774212 -0.0154201 0.00309606 0.00805808 0.0251401 0.00688375 -0.0219928 -0.00983693 -0.0130769 -0.0152973 -0.00541054 -0.014022 -0.00259696 -0.00604568 -0.0152437 -0.0278804 0.0249647 0.0277398
internal_weight=1855.62 1324.21 692.613 631.593 531.414 378.404 314.209 226.473 121.883 55.3942 450.25 128.011 181.344 409.66 155.792 133.678 66.2261 33.7954 323.009 305.039 267.967 253.134 127.635 104.59 60.9643 55.6572 94.8099 104.621 100.526 34.1304
internal_count=7650 5411 2863 2548 2239 1579 1284 929 497 227 1810 518 738 1712 635 544 269 138 1352 1273 1121 1059 532 432 250 228 396 439 406 138
cat_boundaries=0 1
cat_threshold=40
is_linear=0
shrinkage=0.03


Tree=7
num_leaves=31
num_cat=0
split_feature=6 28 12 6 6 29 10 12 6 14 12 29 29 12 17 14 10 10 12 3 12 29 12 12 0 17 10 17 6 12
split_gain=347.955 287.286 92.6738 70.9404 57.9506 47.9662 47.8172 37.2168 35.5514 35.269 34.3273 31.136 28.8446 24.9819 29.2142 27.6766 54.5584 24.7369 38.6164 25.8266 24.391 23.9178 26.5526 23.709 23.5622 23.5445 22.2427 21.2578 20.793 20.1136
threshold=-0.79671859741210926 22.590013504028324 -0.02450000029057264 -0.61626377701759327 -0.88835394382476796 75.753208160400405 0.87000000476837169 0.14350000023841861 -0.90877163410186756 0.39499999582767492 -0.13650000095367429 77.084831237792983 75.77988433837892 0.35000000894069677 0.13863901793956759 -0.030000000260770317 -0.43500000238418574 -0.36500000953674311 -0.29899999499320978 94.748748779296889 0.046000000089406974 81.26676177978517 -0.058499999344348901 -0.20100000500679013 23.522961616516117 -1.1900850534439085 -0.13999999687075612 0.69731098413467418 -0.86977231502532948 -0.2145000025629997
decision_type=2 2 2 2 2 2 2 2 2 2 2 2 2 2 2 2 2 2 2 2 2 2 2 2 2 2 2 2 2 2
left_child=1 2 5 13 11 17 12 -8 9 -7 -11 24 -4 15 -15 16 -2 -1 -19 -20 21 22 23 -6 29 -17 -18 -13 -9 -3
right_child=3 4 6 -5 20 8 7 28 -10 10 -12 27 -14 14 -16 25 26 18 19 -21 -22 -23 -24 -25 -26 -27 -28 -29 -30 -31
leaf_value=-0.041039745529115219 -0.01964845759503972 0.0012101537345024641 -0.029250188615173506 -0.039194476412275275 -0.013773819680227332 0.038374427248904844 -0.019968281367759341 0.0025137713912808659 0.00034095883860116218 -0.01292311255433397 0.035705169816622757 0.03788844556788324 -0.011023580693138055 -0.014988288782699921 0.03133944811099295 0.0069867644478188501 0.031707260019960305 -0.025250060452755511 0.027424254908895839 -0.018023798366837807 0.021267440624185327 0.027235640859202333 -0.039108527468888613 0.023720684970921845 -0.0047435356341344655 -0.028534868293625917 -0.0053385727637684077 0.017751595794160628 0.049072910158595988 0.032061212806700122
leaf_weight=17.089903458952904 117.04727822542191 25.797796681523323 140.84292201697826 130.05469501018524 37.122011855244637 75.723798900842667 21.178666472434998 14.993408992886541 84.258951038122177 32.171615287661552 20.599934726953506 259.97367925941944 178.54737050831318 25.419054821133614 21.913310199975967 18.390434041619301 32.644706323742867 37.892538025975227 36.947918951511383 15.188614174723623 78.119485780596733 20.347764551639557 18.356904953718185 24.221813723444939 34.125331312417984 157.65046438574791 25.307136163115501 60.920681565999985 19.717766925692558 72.253774017095566
leaf_count=71 492 104 598 569 153 304 89 61 345 134 83 1041 745 105 89 77 135 157 151 63 315 82 77 98 139 667 105 244 79 291
internal_value=0.000543531 0.00874489 -0.00455913 -0.0200201 0.02338 0.00729359 -0.0146544 0.0107931 0.0155124 0.0253815 0.00637045 0.0290736 -0.0191273 -0.0136779 0.00666456 -0.0164319 -0.00791543 -0.00902275 -0.002561 0.0140941 0.00882 -0.00101344 -0.00847362 0.00117402 0.0166276 -0.0248055 0.0157135 0.0341326 0.0295954 0.0240383
internal_weight=1854.82 1326.39 695.153 528.427 631.239 319.873 375.28 55.8898 212.754 128.495 52.7716 453.071 319.39 398.372 47.3324 351.04 174.999 107.119 90.0291 52.1365 178.168 100.048 79.7007 61.3438 132.177 176.041 57.9518 320.894 34.7112 98.0516
internal_count=7663 5424 2880 2239 2544 1308 1572 229 866 521 217 1819 1343 1670 194 1476 732 442 371 214 725 410 328 251 534 744 240 1285 140 395
is_linear=0
shrinkage=0.03


Tree=8
num_leaves=31
num_cat=0
split_feature=6 28 29 5 6 10 3 14 5 10 14 29 10 14 0 18 2 29 2 17 18 28 5 28 6 10 29 3 14 16
split_gain=355.101 264.302 71.6681 62.8999 53.0856 39.7979 42.9611 40.4282 36.7264 36.3924 44.6408 33.9907 24.8749 67.1749 23.6619 23.4895 21.8844 20.7106 21.1085 20.6431 20.251 19.8305 19.1303 19.0242 18.7467 17.7828 17.5774 17.1285 17.023 16.1095
threshold=-0.79671859741210926 22.590013504028324 75.753208160400405 -0.78753387928009022 -0.88835394382476796 -0.80500000715255726 244.89614105224612 0.39499999582767492 -0.13282711803913114 -0.014999999664723871 0.10999999940395357 77.084831237792983 0.35999999940395361 0.47499999403953558 23.522961616516117 0.51278150081634533 63.991298675537116 75.224540710449233 30.044762611389164 0.08464034274220468 1.1025848388671877 25.763958930969242 -0.21742309629917142 24.009605407714847 -0.92772412300109852 -0.42000000178813929 76.013408660888686 108.84631347656251 0.074999999254941954 -0.51141223311424244
decision_type=2 2 2 2 2 2 2 2 2 2 2 2 2 2 2 2 2 2 2 2 2 2 2 2 2 2 2 2 2 2
left_child=1 2 12 -2 11 -4 7 9 -9 19 -11 14 16 -14 29 25 17 -1 -19 -7 -10 23 -15 26 -12 -5 -17 -21 -16 -3
right_child=3 4 5 15 -6 6 -8 8 20 10 24 -13 13 22 28 21 -18 18 -20 27 -22 -23 -24 -25 -26 -27 -28 -29 -30 -31
leaf_value=-0.035826056461196756 -0.038691333207524978 0.037001732467263009 -0.025144656295520162 -0.014887781743938027 0.0088750143761937069 -0.0044606310254037846 -0.023058666935919254 0.029576653103631501 0.0068459472011031444 0.060968227158255138 0.036967578038274426 0.033420870086749696 0.050703886696360202 0.0063469718472624025 -0.026500307761875896 -0.023859688765286068 -0.035903120611199227 -0.01814049828993072 0.016896337927146787 0.029089222068187901 -0.018520683152370463 0.007184970906077213 -0.031895841817848929 -0.034818741514771254 0.0024332772446441914 0.025457011592526661 -0.0086287328507354127 -0.0032072501947238907 0.014212462185469342 0.012134977415275547
leaf_weight=25.765356048941612 128.27797807753086 40.543493613600731 41.234511733055115 16.745445474982262 182.8706321567297 70.243424206972122 41.869772434234619 24.31900642812252 42.03472113609314 29.68389393389225 22.255727216601372 318.34368585050106 15.374325022101401 17.404303401708603 17.111801713705063 125.77737757563591 75.587602376937866 37.780530840158463 24.791806697845459 44.887683317065239 83.202836573123932 27.905847951769829 33.600416898727417 55.995668470859528 36.512121364474297 21.231886222958565 151.55560901761055 21.529291272163391 17.959908932447433 57.382036715745926
leaf_count=109 568 163 174 70 744 289 175 99 173 120 90 1274 63 72 70 532 322 158 103 183 347 116 141 237 150 87 638 89 73 231
internal_value=0.000318034 0.00862007 -0.00425627 -0.0204701 0.0225748 0.00261566 0.00541739 0.00865254 -0.00342748 0.0166577 0.0315447 0.0280936 -0.0178678 -0.00232351 0.015188 -0.014533 -0.02411 -0.01373 -0.00421113 0.00686319 -0.0100198 -0.0168898 -0.0189752 -0.0189207 0.0159113 0.00774212 -0.0155973 0.0187279 -0.00583563 0.0227004
internal_weight=1849.78 1322.29 688.077 527.49 634.212 457.773 416.538 374.669 149.557 225.112 88.4517 451.341 230.304 66.379 132.997 399.212 163.925 88.3377 62.5723 136.66 125.238 361.235 51.0047 333.329 58.7678 37.9773 277.333 66.417 35.0717 97.9255
internal_count=7660 5412 2857 2248 2555 1889 1715 1540 619 921 360 1811 968 276 537 1680 692 370 261 561 520 1523 213 1407 240 157 1170 272 143 394
is_linear=0
shrinkage=0.03


Tree=9
num_leaves=31
num_cat=0
split_feature=6 28 12 6 6 10 29 14 10 10 11 10 14 10 16 10 12 17 29 29 29 28 12 4 4 6 18 4 16 12
split_gain=327.458 253.298 97.1706 61.6086 56.9094 50.8992 39.593 43.5636 51.4386 54.4679 35.0634 30.325 30.2358 26.6716 29.966 25.2289 24.6241 25.3093 23.6203 22.9192 22.5356 22.6562 22.3808 37.9042 32.2291 21.7238 19.9107 19.2417 18.7264 17.5511
threshold=-0.79671859741210926 22.590013504028324 -0.02450000029057264 -0.58134955167770375 -0.92449048161506642 0.87000000476837169 75.224540710449233 0.70499998331069957 0.1799999997019768 0.10500000044703485 83.500000000000014 -0.014999999664723871 -0.095000002533197389 -0.80500000715255726 0.15017697215080264 -0.35500000417232508 0.35000000894069677 0.13863901793956759 75.77988433837892 83.357944488525405 84.152141571044936 18.543931961059574 -0.2145000025629997 147.50000000000003 156.50000000000003 -0.90877163410186756 1.8245018720626833 107.50000000000001 -0.52785533666610707 0.15450000017881396
decision_type=2 2 2 2 2 2 2 2 2 2 2 2 2 2 2 2 2 2 2 2 2 2 2 10 10 2 2 10 2 2
left_child=1 2 6 16 13 18 -1 8 9 11 -7 12 15 -3 -15 25 20 -18 -4 22 21 -2 23 -6 28 -8 -16 29 -24 -20
right_child=3 4 5 -5 19 10 7 -9 -10 -11 -12 -13 -14 14 26 -17 17 -19 27 -21 -22 -23 24 -25 -26 -27 -28 -29 -30 -31
leaf_value=-0.024219947352664153 0.001330648013030368 -0.00717404582232319 -0.028599832803870882 -0.038748437031339795 0.015460268323540452 -0.012592688523285073 0.020439320905110067 -0.013287485995244722 0.03496924323089854 -0.040106375371382959 0.034463672351012102 0.046908797403029057 -0.026238994446356457 0.03819574072600769 0.024787565561729136 0.03825200127662181 -0.014787018364793264 0.028055619820529107 -0.0063336862067694105 0.032746983430505049 0.015145636995575137 -0.021720664780287516 0.012759447680820993 -0.032782488415270247 0.02520401106572499 -0.015706654485789652 -0.0074330964174599895 0.0079983057198791258 -0.014917312732513795 -0.027403888957584967
leaf_weight=30.068645060062408 44.127519994974136 16.365029066801071 138.93639047443867 118.7974893450737 29.095983296632767 26.985406532883644 30.231601357460022 51.376821041107178 87.893334418535233 19.056939169764519 28.292224034667015 19.147430777549744 19.468372464179993 221.34181016683578 99.242625251412392 26.185622125864029 24.804324209690094 22.978581234812737 72.633817031979561 38.918495863676071 18.023779705166817 287.7260018736124 46.56700536608696 27.682979822158813 95.007823199033737 27.758067563176155 20.371814876794815 34.330704495310783 39.938174605369568 70.255619496107101
leaf_count=127 185 66 597 533 119 111 122 213 354 81 116 77 80 887 398 105 103 93 304 156 75 1224 189 113 382 115 82 142 163 296
internal_value=0.000368948 0.0083077 -0.0043756 -0.0198547 0.0219376 -0.0147181 0.00797686 0.0114943 0.0170698 0.0058116 0.0116762 0.0132044 0.00658898 0.0298443 0.0316369 0.0144005 -0.0141273 0.00596859 -0.0193552 0.0116754 -0.016881 -0.0186607 0.0081115 -0.00822111 0.0132375 0.00316428 0.0192839 -0.0119878 -4.29556e-05 -0.0168119
internal_weight=1833.61 1317.15 682.621 516.458 634.532 371.434 311.187 281.118 229.741 141.848 55.2776 122.791 103.644 357.321 340.956 84.1753 397.66 47.7829 316.157 277.21 349.877 331.854 238.292 56.779 181.513 57.9897 119.614 177.22 86.5052 142.889
internal_count=7608 5395 2840 2213 2555 1566 1274 1147 934 580 227 499 422 1433 1367 342 1680 196 1339 1122 1484 1409 966 232 734 237 480 742 352 600
is_linear=0
shrinkage=0.03


Tree=10
num_leaves=31
num_cat=1
split_feature=6 29 29 5 6 2 4 10 3 8 10 14 10 32 17 29 17 14 7 14 10 7 3 14 17 18 29 17 18 15
split_gain=314.424 214.741 83.0071 52.756 48.1505 37.6798 35.8021 36.251 34.919 30.3786 29.8757 28.9746 26.113 25.8173 24.7552 23.526 22.5711 20.4869 19.8259 20.8641 23.1935 19.6483 19.3781 19.207 18.8765 21.5188 18.4397 16.3167 15.5111 23.9522
threshold=-0.79671859741210926 75.77988433837892 77.084831237792983 -0.8126716911792754 -0.84565824270248402 67.94775772094728 238.50000000000003 -0.80500000715255726 254.64307403564456 -36.017837524414055 -0.64500001072883595 0.39499999582767492 0.34499999880790716 0 -0.91053724288940419 75.224540710449233 -0.79426577687263478 0.31499999761581426 -7.5555603504180899 0.014999999664723875 0.2950000017881394 -10.192725181579588 206.09146118164065 0.40500000119209295 -1.2069899439811704 0.51278150081634533 76.151096343994155 -0.24652990698814389 1.4294866919517519 43.500000000000007
decision_type=2 2 2 2 2 2 8 2 2 2 2 2 2 9 2 2 2 2 2 2 2 2 2 2 2 2 2 2 2 2
left_child=1 5 6 -2 18 10 7 -3 9 -9 -1 16 -7 -5 -12 -16 -11 -8 -4 -20 28 -17 -14 -13 -15 -26 -25 -6 29 -21
right_child=3 2 4 13 27 12 17 8 -10 11 14 23 22 24 15 21 -18 -19 19 20 -22 -23 -24 26 25 -27 -28 -29 -30 -31
leaf_value=-0.032651007483869288 -0.037373273262417371 -0.023573468461172021 0.036351951050167468 -0.027030727620643694 -0.023326872442013334 -0.032279575357485824 0.038827788936765729 0.024968012419506132 -0.018893807932345963 -0.0066967498326593886 -0.020451503581345495 -0.034204140334965154 -0.020940112417451615 0.021269414184987723 -0.019362070275560406 0.026363635753687106 0.018866948616291852 0.0047634177230637927 0.033594464575896862 -0.011765476692556738 0.027181978146749584 0.0012621051627198241 0.021429220100512184 0.017392792635080173 0.013819723168547116 -0.013573314105971963 -0.0097553481822624626 0.010012784321176724 -0.016943303989643541 0.037760702302575028
leaf_weight=27.123392567038536 113.73228007555008 37.556474938988686 179.99108380079269 98.06319060921669 16.638995632529259 99.381132796406746 45.717411175370216 88.710985973477364 41.828977301716805 40.100794702768326 38.062028437852859 17.766155108809471 21.761253669857979 16.650322109460831 24.788278892636299 49.503814578056335 130.90918278694153 24.549640133976936 85.633284464478493 16.480510517954826 58.182620972394943 63.407086133956909 15.964016944169996 31.957031786441803 27.94342802464962 251.24162808060646 70.103033468127251 51.673652052879333 25.047658145427704 16.97970275580883
leaf_count=115 517 159 721 421 68 426 184 360 175 165 160 75 92 70 105 202 534 100 344 66 234 262 67 131 115 1064 291 209 101 68
internal_value=0.000609029 0.00832659 0.0154512 -0.0194332 0.0249018 -0.0121911 0.00737196 0.0042897 0.00682303 0.00969942 -0.00394192 0.00497259 -0.024281 -0.0141718 0.000648112 0.00658575 0.0128683 0.0271603 0.0290372 0.0223831 0.0139402 0.0124023 -0.00292051 -0.00630906 -0.00863118 -0.010792 -0.00116845 0.00167282 0.000536505 0.0137335
internal_weight=1827.45 1319.82 979.827 507.631 450.628 339.991 529.2 458.933 421.376 379.547 202.885 290.836 137.106 393.899 175.761 137.699 171.01 70.2671 382.315 202.324 116.69 112.911 37.7253 119.826 295.835 279.185 102.06 68.3126 58.5079 33.4602
internal_count=7601 5414 3985 2187 1811 1429 2174 1890 1731 1556 844 1196 585 1670 729 569 699 284 1534 813 469 464 159 497 1249 1179 422 277 235 134
cat_boundaries=0 1
cat_threshold=40
is_linear=0
shrinkage=0.03


end of trees

feature_importances:
dmi=53
oni=44
centroid_lon=39
doy_cos=36
nino34=36
doy_sin=19
rmm2=17
centroid_lat=13
days_since_wet=11
rain_prev_30=9
rmm1=9
amplitude=8
season_to_date=7
rain_prev_14=6
rain_prev_30_anom=6
rain_prev_7=5
rain_prev_7_anom=3
rain_prev_14_anom=3
zone_id=3
oni_age_days=1
nino34_age_days=1
mjo_phase_2=1

parameters:
[boosting: gbdt]
[objective: binary]
[metric: binary_logloss]
[tree_learner: serial]
[device_type: cpu]
[data_sample_strategy: bagging]
[data: ]
[valid: ]
[num_iterations: 2000]
[learning_rate: 0.03]
[num_leaves: 31]
[num_threads: 0]
[seed: 42]
[deterministic: 0]
[force_col_wise: 0]
[force_row_wise: 0]
[histogram_pool_size: -1]
[max_depth: -1]
[min_data_in_leaf: 60]
[min_sum_hessian_in_leaf: 0.001]
[bagging_fraction: 0.8]
[pos_bagging_fraction: 1]
[neg_bagging_fraction: 1]
[bagging_freq: 1]
[bagging_seed: 400]
[bagging_by_query: 0]
[feature_fraction: 0.8]
[feature_fraction_bynode: 1]
[feature_fraction_seed: 30056]
[extra_trees: 0]
[extra_seed: 12879]
[early_stopping_round: 0]
[early_stopping_min_delta: 0]
[first_metric_only: 0]
[max_delta_step: 0]
[lambda_l1: 0]
[lambda_l2: 1]
[linear_lambda: 0]
[min_gain_to_split: 0]
[drop_rate: 0.1]
[max_drop: 50]
[skip_drop: 0.5]
[xgboost_dart_mode: 0]
[uniform_drop: 0]
[drop_seed: 17869]
[top_rate: 0.2]
[other_rate: 0.1]
[min_data_per_group: 100]
[max_cat_threshold: 32]
[cat_l2: 10]
[cat_smooth: 10]
[max_cat_to_onehot: 4]
[top_k: 20]
[monotone_constraints: ]
[monotone_constraints_method: basic]
[monotone_penalty: 0]
[feature_contri: ]
[forcedsplits_filename: ]
[refit_decay_rate: 0.9]
[cegb_tradeoff: 1]
[cegb_penalty_split: 0]
[cegb_penalty_feature_lazy: ]
[cegb_penalty_feature_coupled: ]
[path_smooth: 0]
[interaction_constraints: ]
[verbosity: -1]
[saved_feature_importance_type: 0]
[use_quantized_grad: 0]
[num_grad_quant_bins: 4]
[quant_train_renew_leaf: 0]
[stochastic_rounding: 1]
[linear_tree: 0]
[max_bin: 255]
[max_bin_by_feature: ]
[min_data_in_bin: 3]
[bin_construct_sample_cnt: 200000]
[data_random_seed: 175]
[is_enable_sparse: 1]
[enable_bundle: 1]
[use_missing: 1]
[zero_as_missing: 0]
[feature_pre_filter: 1]
[pre_partition: 0]
[two_round: 0]
[header: 0]
[label_column: ]
[weight_column: ]
[group_column: ]
[ignore_column: ]
[categorical_feature: 31,32]
[forcedbins_filename: ]
[precise_float_parser: 0]
[parser_config_file: ]
[objective_seed: 16083]
[num_class: 1]
[is_unbalance: 0]
[scale_pos_weight: 1]
[sigmoid: 1]
[boost_from_average: 1]
[reg_sqrt: 0]
[alpha: 0.9]
[fair_c: 1]
[poisson_max_delta_step: 0.7]
[tweedie_variance_power: 1.5]
[lambdarank_truncation_level: 30]
[lambdarank_norm: 1]
[label_gain: ]
[lambdarank_position_bias_regularization: 0]
[eval_at: ]
[multi_error_top_k: 1]
[auc_mu_weights: ]
[num_machines: 1]
[local_listen_port: 12400]
[time_out: 120]
[machine_list_filename: ]
[machines: ]
[gpu_platform_id: -1]
[gpu_device_id: -1]
[gpu_device_id_list: ]
[gpu_use_dp: 0]
[num_gpu: 1]

end of parameters

pandas_categorical:[["Bihar", "Madhya Pradesh", "Maharashtra", "Uttar Pradesh"], ["BI-2", "BI-3", "MH-6/MH-7", "MP-10", "MP-10/MP-5", "UP-10", "UP-8"]]
