tree
version=v4
num_class=1
num_tree_per_iteration=1
label_index=0
max_feature_idx=32
objective=binary sigmoid:1
feature_names=rain_prev_7 rain_prev_14 rain_prev_30 season_to_date days_since_wet doy_sin doy_cos rain_prev_7_anom rain_prev_14_anom rain_prev_30_anom oni oni_age_days dmi dmi_age_days nino34 nino34_age_days rmm1 rmm2 amplitude mjo_age_days mjo_phase_1 mjo_phase_2 mjo_phase_3 mjo_phase_4 mjo_phase_5 mjo_phase_6 mjo_phase_7 mjo_phase_8 centroid_lat centroid_lon small_unit state zone_id
feature_infos=[0:522.22113037109375] [0:568.645751953125] [0:716.006591796875] [0:1074.4586181640625] [0:323] [-0.99819540977478027:0.7295575737953186] [-0.99941062927246094:-0.060048960149288177] [-119.4168701171875:409.92333984375] [-183.03031921386719:389.93203735351562] [-314.55081176757812:409.47555541992188] [-1.3700000047683716:1.690000057220459] [63:90] [-0.86100000143051147:0.81099998950958252] [32:59] [-1.190000057220459:1.9700000286102295] [32:59] [-2.703779935836792:3.1550700664520264] [-2.4152100086212158:3.5100479125976562] [0.026713300496339798:3.5471172332763672] none [0:1] [0:1] [0:1] [0:1] [0:1] [0:1] [0:1] [0:1] [18.132350921630859:26.753688812255859] [75.09625244140625:87.400367736816406] none -1:2:1:3:0 -1:2:3:4:5:6:1
tree_sizes=3333 3425 3439 3415 3417 3439 3418 3432 3431 3429 3423 3444 3428 3430 3431 3432 3455 3444 3429 3450 3442 3442 3454 3461

Tree=0
num_leaves=31
num_cat=0
split_feature=7 29 6 1 3 16 0 6 17 14 10 16 12 9 10 14 29 18 5 5 7 3 12 18 7 12 1 17 7 16
split_gain=316.533 245.1 80.6724 69.3459 66.3991 65.9234 52.2315 46.6201 55.3365 36.423 75.9177 37.2035 35.7287 28.8627 26.5705 47.573 25.6258 23.0681 19.6687 23.8197 24.6563 20.1437 18.7208 17.5614 15.3313 14.2173 22.4247 13.6719 11.6837 11.5547
threshold=-13.388582229614256 76.978988647460952 -0.84565824270248402 35.532455444335945 74.619853973388686 -0.23738544434309003 0.0040310381446033725 -0.95380109548568714 0.79887014627456676 -0.095000002533197389 -0.32500000298023218 -1.1293205618858335 0.52799999713897716 -7.2114176750183097 -0.35500000417232508 0.12999999895691874 76.581501007080092 0.83196616172790538 -0.8126716911792754 -0.70125329494476307 -29.850615501403805 283.31198120117193 -0.090500000864267335 1.1835399866104128 -20.627779006958004 -0.38449999690055842 6.6146435737609872 -0.47452500462532038 -7.5555603504180899 -1.67105096578598
decision_type=2 2 2 2 2 2 2 2 2 2 2 2 2 2 2 2 2 2 2 2 2 2 2 2 2 2 2 2 2 2
left_child=1 4 3 6 5 14 28 8 24 10 16 -12 13 27 -1 -16 -8 -7 -6 -20 21 23 -18 -21 -3 26 -4 -11 -2 -5
right_child=2 7 25 29 18 17 9 -9 -10 12 11 -13 -14 -15 15 -17 22 -19 19 20 -22 -23 -24 -25 -26 -27 -28 -29 -30 -31
leaf_value=-2.0181356298740378 -2.0298191874503919 -1.9191118052968574 -2.0622552746177774 -2.0211147846163859 -2.0595954421686242 -2.0005886939831852 -2.049346629899782 -2.0033925335091509 -2.015113671577256 -2.0379139192480507 -2.0078601485013223 -1.9147369456536332 -1.9688497640008609 -2.0542762522644367 -1.9194283625570892 -2.0141713977980396 -2.0356043721548587 -2.0517730167828367 -1.9916856526785427 -1.9712951404210057 -2.0502527996266684 -2.0549071789919955 -1.9769866204223805 -2.0257909383268675 -1.9796328226710951 -2.0629131454622671 -1.9924731409895613 -2.0038363453489731 -2.062716283200511 -2.0604061056211687
leaf_weight=7.9743297547102001 12.983844600617884 32.715198993682861 8.8944447264075261 6.6452747955918303 29.034739106893539 12.268199622631075 17.788889452815056 16.971009477972984 8.5877397358417493 18.606769427657127 6.9519797861576107 10.325734682381151 6.8497447893023482 38.747063808143139 13.495019584894182 7.8720947578549376 8.1787997484207171 18.709004424512386 10.734674669802187 8.8944447264075333 49.583973474800587 7.9743297547101966 11.143614657223223 12.37043461948633 7.4631547704339019 227.16616301238537 6.1340998113155356 23.105109289288521 34.657663933932781 93.340552128851414
leaf_count=78 127 320 87 65 284 120 174 166 84 182 68 101 67 379 132 77 80 183 105 87 485 78 109 121 73 2222 60 226 339 913
internal_value=-2.03532 -2.00715 -2.04831 -2.0376 -2.02551 -2.00016 -2.02693 -1.95807 -1.94325 -2.01781 -1.99878 -1.94868 -2.02994 -2.03589 -1.96872 -1.95185 -2.02374 -2.03107 -2.03858 -2.03157 -2.03747 -2.01601 -2.00062 -2.00117 -1.92874 -2.06105 -2.03291 -2.01875 -2.05383 -2.05769
internal_weight=776.168 244.648 531.52 289.325 178.911 60.3186 189.339 65.7371 48.7661 141.698 54.389 17.2777 87.3087 80.4589 29.3414 21.3671 37.1113 30.9772 118.593 89.5579 78.8232 29.2392 19.3224 21.2649 40.1784 242.195 15.0285 41.7119 47.6415 99.9858
internal_count=7592 2393 5199 2830 1750 590 1852 643 477 1386 532 169 854 787 287 209 363 303 1160 876 771 286 189 208 393 2369 147 408 466 978
is_linear=0
shrinkage=1


Tree=1
num_leaves=31
num_cat=0
split_feature=7 28 6 17 7 12 6 6 1 1 14 12 12 12 6 3 10 14 10 9 12 1 6 29 12 29 16 14 12 1
split_gain=302.792 182.739 117.504 54.168 55.941 52.8637 50.6596 50.1198 43.5198 42.8155 34.0244 33.9998 31.7441 30.9064 24.6991 21.878 21.6455 20.0712 42.6188 48.4145 19.6241 21.5166 15.7201 14.833 14.0281 13.1112 12.5839 18.7338 11.4912 10.9764
threshold=-6.1065237522125235 20.863806724548343 -0.88835394382476796 0.71210753917694103 -16.682968139648434 -0.02450000029057264 -0.99887409806251515 -0.84565824270248402 35.532455444335945 3.6446163654327397 -0.5349999964237212 -0.16650000214576718 -0.18749999999999997 0.13350000232458117 -0.99887409806251515 39.145887374877937 1.1200000047683718 0.33500000834465032 -0.024999999441206452 -18.40118312835693 -0.38449999690055842 6.6146435737609872 -0.95380109548568714 83.357944488525405 -0.30349999666213984 79.142368316650405 -0.34518904983997339 -0.095000002533197389 0.15450000017881396 0.0041243874002248057
decision_type=2 2 2 2 2 2 2 2 2 2 2 2 2 2 2 2 2 2 2 2 2 2 2 2 2 2 2 2 2 2
left_child=1 5 3 4 10 6 -1 8 9 29 -3 15 -6 22 -13 -12 -7 18 24 -20 21 -9 -11 -4 -8 -14 27 -24 -5 -2
right_child=7 2 23 28 12 16 17 20 -10 13 11 14 25 -15 -16 -17 -18 -19 19 -21 -22 -23 26 -25 -26 -27 -28 -29 -30 -31
leaf_value=0.083274682415309179 -0.030846767428412677 0.019602878808746709 -0.017537846437296282 -0.0043692304096783173 -0.0086659968813942896 -0.014928335662404629 0.034471942048287248 -0.026224105527420723 -0.023240767922927057 0.043262005524953552 0.028270727882669933 0.051670447112001833 0.069143578761563518 0.048741029918769219 0.12795638681624544 0.089347494907907679 0.03225348400829748 -0.0060211302260082134 0.098824284965092657 -0.00258451616476672 -0.029551718756566758 0.044168117150255148 0.04611136821125824 0.025805505596042465 -0.013788890219939924 0.017644599295732272 -0.019655798331747264 -0.013320866566462371 0.040700264698704261 -0.0042005669373702467
leaf_weight=9.0110548511147481 20.511447936296463 6.8841468915343276 23.054960273206234 12.304045036435129 9.8398653641343099 108.2149384021759 6.5003239661455146 7.4067761152982694 84.345157206058502 7.209203675389289 11.54035694897175 6.7306467220187178 15.906190536916258 22.601989023387432 25.657250866293907 11.41712875664234 8.57961358129978 33.543709024786949 10.087324172258379 6.7771273553371421 204.08279299736023 6.3357929885387421 8.0269693955779093 9.1098532155156118 18.550384864211086 7.2050276547670355 18.197471424937248 9.4082280248403531 7.4859150722622863 40.490141034126282
leaf_count=87 205 64 226 119 96 1060 62 74 840 70 106 62 153 216 236 106 84 328 95 66 2040 60 76 89 181 69 178 93 72 395
internal_value=-0.00029399 0.0204459 0.0457351 0.059808 0.0691274 0.00182347 0.0197759 -0.0171608 -0.00668367 0.00445641 0.0858606 0.093608 0.0359279 0.0211576 0.114126 0.0611068 -0.011218 0.0112031 0.0248064 0.0602088 -0.0272226 0.00702374 0.00582558 -0.00485401 -0.000423304 0.0544862 -0.00272277 0.0150581 0.0138168 -0.0135132
internal_weight=777.016 348.4 147.135 114.971 95.1806 201.264 84.4699 428.616 210.791 126.445 62.2295 55.3454 32.9511 65.4439 32.3879 22.9575 116.795 75.4589 41.9152 16.8645 217.825 13.7426 42.8419 32.1648 25.0507 23.1112 35.6327 17.4352 19.79 61.0016
internal_count=7608 3361 1398 1083 892 1963 819 4247 2073 1233 574 510 318 633 298 212 1144 732 404 161 2174 134 417 315 243 222 347 169 191 600
is_linear=0
shrinkage=0.03


Tree=2
num_leaves=31
num_cat=0
split_feature=7 29 7 16 6 1 0 17 5 14 10 18 10 14 1 10 10 14 9 8 12 6 0 8 12 16 12 17 6 12
split_gain=268.906 145.713 69.0732 61.9953 47.6544 45.5245 50.0168 44.2508 39.5761 36.2519 43.6015 33.0129 33.7529 53.4042 39.6614 37.2727 28.8213 24.2504 24.1608 21.8882 19.7744 18.6563 18.2506 52.1059 17.3071 17.2386 16.0735 30.6565 15.6916 12.5228
threshold=-6.6533629894256583 77.084831237792983 -16.682968139648434 -1.7123180031776426 -0.84565824270248402 36.203626632690437 0.0040310381446033725 0.86143988370895397 -0.78753387928009022 -0.095000002533197389 -0.29500000178813929 1.1563757061958315 -0.46499998867511744 0.34499999880790716 32.770654678344734 0.31000000238418585 0.72500002384185802 -0.36500000953674311 1.9212828278541567 -47.123731613159173 0.47249999642372137 -0.96645781397819508 0.21540528535842898 -22.855351448059078 0.14050000160932544 0.026589489541947845 -0.38449999690055842 -0.11182999983429907 -0.94107943773269642 0.12650000303983691
decision_type=2 2 2 2 2 2 2 2 2 2 2 2 2 2 2 2 2 2 2 2 2 2 2 2 2 2 2 2 2 2
left_child=1 3 7 -1 5 6 -2 21 -5 10 18 12 -10 14 15 19 -15 -4 24 -14 -11 -3 23 -13 -8 -18 27 -6 -19 -24
right_child=4 2 17 8 26 -7 9 -9 11 20 -12 22 13 16 -16 -17 25 28 -20 -21 -22 -23 29 -25 -26 -27 -28 -29 -30 -31
leaf_value=0.059961489556607496 -0.027236377605208934 0.094736978236520386 0.064928119002000545 -0.026153113081104729 0.05176018672368464 -0.02290212212553042 -0.018799551112079399 0.0090676407427296383 -0.015584678571414387 -0.0064355064241958873 0.083692980970938607 0.072788377683025152 0.079026754764999929 -0.0096092991616517857 0.0035817982294839793 0.12336213092553122 0.00095219142343921708 0.032040932278633812 0.055725679329799764 0.0095389269564533849 0.043794094450848489 0.051774944035074232 -0.00077606523114895668 -0.025064560151562769 0.035700110534475853 0.062168384853848652 -0.02785461259682967 -0.030399438253106165 -0.011483982228098759 -0.02539729356464315
leaf_weight=17.514812380075455 31.848027765750885 32.868089057505131 6.6109464168548575 34.768166430294514 6.0343839973211297 85.12322299182415 15.074592970311647 9.5307726860046369 18.810443639755249 52.637077420949936 11.484067067503927 8.2954926565289515 7.2365829572081557 31.145765744149685 9.5007797852158529 8.7348491027951223 6.825724437832835 10.856561958789827 8.7269818931817991 8.7092475891113299 7.1220061779022208 18.884809240698814 44.275169394910336 9.5650958269834501 6.7842708677053443 9.6474434658884984 204.80562762916088 8.770881369709965 19.164960034191608 31.132305137813091
leaf_count=162 323 280 62 348 57 863 146 91 183 516 103 78 65 301 93 81 65 103 82 82 65 169 428 93 63 93 2094 87 185 305
internal_value=-0.000273598 0.0195468 0.0503059 0.00715769 -0.0158383 -0.00588705 0.00503745 0.0695782 0.00286933 0.0152981 0.03628 0.0081814 0.0200156 0.0282914 0.0563379 0.075716 0.00741455 0.0170726 0.0163917 0.0438766 0.000173047 0.0803386 -0.00466134 0.0218336 -0.00106286 0.0383094 -0.0256813 0.00424363 0.00478124 -0.0111404
internal_weight=782.489 344.078 97.9161 246.162 438.411 218.8 133.677 61.2837 228.647 101.829 42.0699 193.879 100.611 81.8004 34.1815 24.6807 47.6189 36.6325 30.5858 15.9458 59.7591 51.7529 93.2681 17.8606 21.8589 16.4732 219.611 14.8053 30.0215 75.4075
internal_count=7666 3267 890 2377 4399 2161 1298 540 2215 975 394 1867 963 780 321 228 459 350 291 147 581 449 904 171 209 158 2238 144 288 733
is_linear=0
shrinkage=0.03


Tree=3
num_leaves=31
num_cat=0
split_feature=7 28 6 12 9 6 1 1 14 10 4 12 4 11 14 10 5 8 5 12 12 12 28 12 2 29 14 10 29 12
split_gain=269.392 154.222 91.1021 53.4363 50.5578 43.1282 48.1382 43.4632 40.282 40.6702 35.1006 33.0329 27.6996 27.7534 26.9731 25.2694 23.0942 26.4901 20.5503 19.1853 24.4272 19.1427 18.5813 17.2191 14.0548 13.9501 12.7585 14.2715 13.2815 10.645
threshold=-6.6533629894256583 22.590013504028324 -0.94107943773269642 -0.02450000029057264 -59.636133193969719 -0.84565824270248402 36.203626632690437 3.510846853256226 -0.10500000044703482 -0.26999999582767481 234.50000000000003 -0.16650000214576718 126.50000000000001 83.500000000000014 0.39499999582767492 1.1200000047683718 -0.73172146081924427 -26.531642913818356 -0.17521348595619199 -0.38449999690055842 -0.48800000548362726 -0.095499999821186052 24.009605407714847 0.13350000232458117 10.532328128814699 77.10886383056642 -0.095000002533197389 -0.35500000417232508 76.836559295654311 0.27899999916553503
decision_type=2 2 2 2 2 2 2 2 2 2 8 2 10 2 2 2 2 2 2 2 2 2 2 2 2 2 2 2 2 2
left_child=1 3 11 4 18 6 7 -2 9 -6 26 14 13 -13 25 -5 -4 -18 -1 20 -7 -20 -19 -12 -14 -3 27 28 -9 -28
right_child=5 2 16 15 8 19 -8 10 -10 -11 23 12 24 -15 -16 -17 17 22 21 -21 -22 -23 -24 -25 -26 -27 29 -29 -30 -31
leaf_value=0.012501266821149383 -0.013484764297903087 0.020551007310446595 -0.030440662483696972 -0.014369066004541835 0.0081308054362266968 -0.02652993173353722 -0.023719056758720835 -0.016976514266720866 -0.0079117381412278642 0.098145351366249148 0.026147508799051686 0.074359335704523383 0.1313167086670847 0.014245149807800806 0.0015538204911507648 0.037260837480639034 0.055820226002797284 0.031921220865017801 0.10656962624255929 -0.027810142471598069 0.047674135111520438 0.034428109406187575 -0.014573838684551836 0.09232267066786469 0.063766836812077357 0.07341788433474998 -0.012095915564727293 0.058629983552206562 0.036942184352989633 0.02556121685033463
leaf_weight=6.8259490877389934 61.093937620520592 7.7987785264849689 8.8170532509684545 108.37421137094498 11.910753615200521 7.7630789279937744 86.897180743515491 8.0044315531849879 47.459430523216724 6.4830406159162512 8.5170658752322179 25.15704569965601 10.74850255250931 10.147520564496515 12.459362857043741 8.3009623959660512 12.361866079270834 12.220922388136392 8.1598289534449577 201.63768933713436 6.3698695972561818 7.3605332672595951 17.706594400107861 6.844219632446765 8.1766858845949155 14.29091554135084 25.359077371656895 7.0872474834322921 6.6420358866453162 8.0923058316111547
leaf_count=66 610 69 87 1072 115 78 897 76 459 55 80 214 87 89 112 78 113 114 69 2107 58 68 170 61 69 121 251 61 61 74
internal_value=-0.000260374 0.0195087 0.0436707 0.00287937 0.0203794 -0.0159621 -0.00652251 0.00492236 0.00682094 0.0432819 0.0208288 0.0618868 0.076621 0.0579491 0.0372545 -0.0104104 0.0114463 0.0206809 0.0583317 -0.0254486 0.00785493 0.0765115 0.00483069 0.0594725 0.106797 0.0564516 0.0092049 0.0265511 0.00827341 -0.00250866
internal_weight=779.068 344.76 139.885 204.875 88.1995 434.308 218.538 131.64 65.8532 18.3938 70.5464 88.7788 54.2298 35.3046 34.5491 116.675 51.1064 42.2894 22.3463 215.771 14.1329 15.5204 29.9275 15.3613 18.9252 22.0897 55.1851 21.7337 14.6465 33.4514
internal_count=7641 3227 1245 1982 832 4414 2171 1274 629 170 664 761 459 303 302 1150 484 397 203 2243 136 137 284 141 156 190 523 198 137 325
is_linear=0
shrinkage=0.03


Tree=4
num_leaves=31
num_cat=0
split_feature=7 28 6 17 12 9 6 0 0 12 6 4 28 29 6 5 9 14 12 14 29 8 0 29 0 12 17 17 3 18
split_gain=249.317 143.886 89.9513 69.7837 45.4349 42.8432 41.1073 44.2497 57.5682 31.1456 26.4348 23.0357 22.675 22.4348 25.1281 21.1798 23.9659 31.0951 18.6438 17.9822 20.6586 17.7916 16.4938 15.9827 15.5429 14.6013 22.63 14.0759 14.0215 12.4661
threshold=-6.1065237522125235 20.863806724548343 -0.94107943773269642 0.91128748655319225 -0.02450000029057264 -50.650400161743157 -0.84565824270248402 20.15719032287598 3.1750601530075078 -0.16650000214576718 -0.99573117494583119 201.50000000000003 25.763958930969242 78.715969085693374 -0.98471984267234791 -0.75976759195327748 -44.873651504516594 -0.37499999999999994 0.1670000031590462 -0.10500000044703482 76.013408660888686 -50.666294097900384 0.0015417900285683574 77.440567016601577 7.0999441146850595 -0.38449999690055842 -0.11182999983429907 0.13863901793956759 0.44413998723030096 0.50640302896499645
decision_type=2 2 2 2 2 2 2 2 2 2 2 8 2 2 2 2 2 2 2 2 2 2 2 2 2 2 2 2 2 2
left_child=1 4 3 9 5 10 7 8 22 13 -1 27 25 14 -3 -4 -17 -18 -11 20 -7 -20 -2 -19 -13 26 -8 -10 -24 -6
right_child=6 2 15 -5 29 19 12 -9 11 18 -12 24 -14 -15 -16 16 17 23 21 -21 -22 -23 28 -25 -26 -27 -28 -29 -30 -31
leaf_value=0.09414234047999806 -0.028400477069566162 0.051856092075649174 -0.028034300921234961 -0.0047064171068280751 0.017786563826161374 -0.0068815020587692797 0.042359330106522458 -0.022161778640053881 0.026879147919805169 0.092660898998430802 0.027800232551090064 0.027095466510399589 0.024303204577661022 0.078608957250262346 -0.0094583809459476524 0.056306606620888829 0.058804845927240369 0.019251420854065653 0.083377390052330108 -0.0075094990532438349 0.057410857841166368 0.022780787954636009 0.031848139724219078 -0.023447246018053841 0.088492453593321502 -0.029064729515596435 -0.029810345374490874 -0.01725381109657256 -0.0082918137969309226 -0.0143959267751947
leaf_weight=7.1759874895215061 28.562297739088535 11.478752098977568 10.149026967585085 14.378134086728094 11.243431702256201 7.9293526187539127 6.0859828740358353 88.030610449612141 22.648781664669517 37.497298359870911 20.293816521763802 8.8380977138876933 7.3495546281337729 8.8167664259672147 11.109384506940843 10.2808770686388 7.0947379469871477 11.978386856615549 7.635327652096751 42.295874148607254 8.8430806249380094 11.010957218706606 9.0754450187087041 19.293012112379074 7.571696124970912 189.1344707608223 7.7319884896278364 8.185906417667864 34.183239698410034 102.68377585709095
leaf_count=60 299 93 103 133 109 74 54 912 213 298 185 81 77 73 97 91 64 111 60 414 80 90 87 187 67 2021 80 79 332 1028
internal_value=8.46974e-05 0.0183074 0.0393597 0.0562797 0.00131708 0.0175946 -0.01569 -0.00615698 0.00576214 0.0662355 0.0478289 0.0311386 -0.0250042 0.0402485 0.0225776 0.00957722 0.0178306 0.00635183 0.0798131 0.00297198 0.028339 0.050575 -0.0111291 -0.00700195 0.0588806 -0.0269002 0.00268956 0.0149889 0.000658657 -0.0110927
internal_weight=778.586 361.188 160.723 101.927 200.465 86.5381 417.398 207.096 119.065 87.5485 27.4698 47.2445 210.302 31.4049 22.5881 58.796 48.647 38.3661 56.1436 59.0683 16.7724 18.6463 71.821 31.2714 16.4098 202.952 13.818 30.8347 43.2587 113.927
internal_count=7652 3350 1400 844 1950 813 4302 2070 1158 711 245 440 2232 263 190 556 453 362 448 568 154 150 718 298 148 2155 134 292 419 1137
is_linear=0
shrinkage=0.03


Tree=5
num_leaves=31
num_cat=0
split_feature=7 29 6 6 0 0 5 17 14 12 8 17 10 14 7 8 16 17 4 18 12 18 16 11 12 17 29 8 16 16
split_gain=230.796 136.195 57.0557 43.9577 56.4541 52.7281 40.4469 33.5629 47.0065 36.8008 33.5023 30.7753 30.6281 53.0202 27.1351 25.6332 24.5465 20.8061 20.7389 31.352 20.0724 18.8661 17.8582 17.5247 17.1924 25.0055 13.2604 13.1055 15.4328 12.6675
threshold=-6.6533629894256583 76.978988647460952 -0.90877163410186756 -0.84565824270248402 22.549906730651859 0.0015417900285683574 -0.78753387928009022 -0.34601922333240503 -0.095000002533197389 0.27899999916553503 -40.655931472778313 0.91128748655319225 -0.50999999046325672 0.33500000834465032 -36.110115051269524 -27.512176513671871 -1.3288463950157163 0.57252100110054027 171.50000000000003 1.1563757061958315 -0.030999999493360516 1.5608630180358889 0.97016850113868724 88.500000000000014 -0.38449999690055842 -0.11182999983429907 76.013408660888686 -63.828737258911126 -0.70490998029708851 -0.40991735458374018
decision_type=2 2 2 2 2 2 2 2 2 2 2 2 2 2 2 2 2 2 10 2 2 2 2 2 2 2 2 2 2 2
left_child=1 6 11 4 5 -2 -1 8 21 -10 12 22 -8 17 -15 -4 -12 27 -18 20 -20 -7 -3 26 25 -5 -9 -14 -29 -28
right_child=3 2 15 24 -6 7 10 23 9 -11 16 -13 13 14 -16 -17 18 -19 19 -21 -22 -23 -24 -25 -26 -27 29 28 -30 -31
leaf_value=-0.024845726498184766 -0.026544667780171137 0.068693090817401117 0.041803093957312652 0.044237829632644013 -0.023538631266193339 0.089665602358448795 -0.013258991428864003 -0.021164916481850246 -0.012305657394052531 0.064729557739252153 0.033125100568039675 0.0096218679844834194 0.031756667245065692 0.051164099644836945 -0.0085899841174565516 -0.015537930722515971 -0.013062797172127754 0.011300689288035822 0.0080685127525712882 -0.017447955462600851 0.079429089465501992 0.029157061479807896 0.021194853752374631 -0.021553233119856133 -0.026745410111309358 -0.02963559029895246 -0.0073924403960797082 0.044434143290967044 0.10745322356705593 0.039713685886606155
leaf_weight=33.564335092902184 29.672145143151283 67.305533051490784 10.476016476750376 7.0380585268139839 86.088584035634995 13.013675749301912 15.070446550846098 6.3137605935335186 20.078816570341591 6.6124176308512679 16.359452180564404 11.413396745920179 7.6311289519071606 8.1506041437387413 26.271292708814148 17.148641131818295 78.103414840996265 7.001898154616355 6.8721544444561005 11.910561911761759 6.9332712441682833 8.9656577408313733 9.2054422050714475 18.53640341758728 193.03818267583847 7.5009041428565961 7.0208703055977884 8.1444406434893626 11.056084923446177 15.696497708559031
leaf_count=349 317 524 95 60 909 110 145 61 200 60 146 106 65 72 253 168 762 66 62 115 62 80 75 178 2106 79 67 70 95 147
internal_value=0.000416948 0.0182799 0.0448361 -0.0146031 -0.00495654 0.00783396 0.00520223 0.0185976 0.0358456 0.00842721 0.0102553 0.0565409 0.0247511 0.0332138 0.00660389 0.00690805 8.34132e-05 0.0593196 -0.00538951 0.0175321 0.046851 0.0673263 0.0633255 0.000574826 -0.0243841 0.00667078 0.0149508 0.0709942 0.0842449 0.0254575
internal_weight=772.194 352.618 115.549 419.576 211.999 125.91 237.069 96.2381 48.6706 26.6912 203.505 87.9244 83.3259 68.2554 34.4219 27.6247 120.179 33.8336 103.819 25.716 13.8054 21.9793 76.511 47.5675 207.577 14.539 29.0311 26.8317 19.2005 22.7174
internal_count=7604 3230 968 4374 2129 1220 2262 903 450 260 1913 705 766 621 325 263 1147 296 1001 239 124 190 599 453 2245 139 275 230 165 214
is_linear=0
shrinkage=0.03


Tree=6
num_leaves=31
num_cat=0
split_feature=7 29 6 0 6 14 16 2 6 12 14 10 6 17 17 17 1 8 28 14 17 17 29 4 8 15 10 10 12 7
split_gain=245.311 120.254 70.9152 65.1744 46.1917 37.5308 28.5926 32.3727 28.1157 25.9131 23.6812 32.225 23.551 22.6937 22.5327 39.5044 21.8477 18.3012 15.6609 15.0666 13.8071 17.4921 13.7113 11.7547 11.7364 11.4453 10.5322 14.7629 12.9518 10.5255
threshold=-16.682968139648434 77.084831237792983 -0.85020262002944935 20.541238784790043 -0.58134955167770375 -0.21499999612569806 0.071218911558389678 110.30305480957033 -0.92449048161506642 0.52799999713897716 0.8400000035762788 -0.50999999046325672 -0.9563411772251128 0.91128748655319225 -0.63888818025588978 -0.66966253519058216 1.3851931691169741 7.697859764099122 18.543931961059574 0.42499999701976782 -0.47452500462532038 -0.26767499744892115 76.581501007080092 6.5000000000000009 -52.779607772827141 53.500000000000007 0.34499999880790716 -0.34499999880790705 0.028500000014901165 -2.7109755277633663
decision_type=2 2 2 2 2 2 2 2 2 2 2 2 2 2 2 2 2 2 2 2 2 2 2 10 2 2 2 2 2 2
left_child=1 4 3 5 6 8 7 10 22 12 11 -1 19 23 15 17 -10 -4 -14 -7 -20 -22 -2 -3 -8 26 27 -13 -29 -18
right_child=2 13 14 -5 -6 9 24 -9 16 -11 -12 25 18 -15 -16 -17 29 -19 20 -21 21 -23 -24 -25 -26 -27 -28 28 -30 -31
leaf_value=-0.0066456160289668749 0.023805729673572418 0.02929654044029752 -0.021311518059132881 -0.01950957759209835 -0.024629261588001664 0.046838397605580215 0.025570817813573371 0.0015856895759455217 -0.020762310883939483 0.046599619036434774 -0.002057028929987696 0.083064480960858528 0.031471446141689494 0.012432221231355105 -0.026523626039779657 0.06198209440582194 0.0034491293622513856 0.023446825688346443 -0.028497345203932194 -0.0049339023275194018 0.03744866066948549 -0.011812303171291755 0.074869550949667393 0.069818382627860817 -0.010461001550706377 0.027902509213750554 0.093791632465328165 0.053152019420374584 0.0045080722620874647 0.048327277496688817
leaf_weight=9.0236567407846433 8.8629840910434741 9.6939552128314954 48.06684784591198 95.093236178159714 26.318907111883163 11.184518657624723 9.5403782576322538 32.736158698797226 10.680121630430223 9.3916829600930196 11.331498533487318 8.4562507197260803 6.3929997459053984 9.3679471611976606 211.8804837167263 5.904433846473693 7.8776622116565731 9.0153570845723134 33.178055383265018 8.3522563725709897 7.021703489124774 32.987478420138359 13.791243016719816 52.05947358161211 34.742042265832424 13.934617653489111 8.5616671517491323 11.589688375592241 8.4220442473888379 11.308212980628012
leaf_count=88 81 73 507 1004 279 96 84 312 106 82 110 72 62 86 2305 57 74 92 330 78 67 321 115 379 334 122 68 91 80 95
internal_value=0.000166139 0.0248873 -0.0113018 6.54631e-05 0.011357 0.0116743 0.0178641 0.0263875 0.0322335 0.00151974 0.0375924 0.0449929 -0.00317452 0.0574964 -0.0218557 -0.00598421 0.0124064 -0.0139606 -0.010454 0.0255425 -0.0144911 -0.00246453 0.0567429 0.0640255 -0.0023049 0.0540879 0.0629489 0.050805 0.0338688 0.0309842
internal_weight=776.768 245.778 530.989 256.122 174.657 161.029 148.338 104.056 52.5202 108.509 71.3194 59.9879 99.117 71.1214 274.867 62.9866 29.866 57.0822 79.5802 19.5368 73.1872 40.0092 22.6542 61.7534 44.2824 50.9643 37.0297 28.468 20.0117 19.1859
internal_count=7650 2178 5472 2511 1640 1507 1361 943 471 1036 631 521 954 538 2961 656 275 599 780 174 718 388 196 452 418 433 311 243 171 169
is_linear=0
shrinkage=0.03


Tree=7
num_leaves=31
num_cat=0
split_feature=8 3 28 6 0 17 14 10 18 14 10 12 29 12 12 17 11 17 6 29 28 0 8 29 29 28 11 12 12 10
split_gain=212.138 96.5082 67.3885 53.9404 45.593 41.2872 36.9154 75.5853 50.0389 33.7308 35.759 29.534 31.6659 22.8771 20.1986 32.4929 20.1289 16.3111 15.1379 19.5071 17.7927 14.9367 14.7234 14.081 12.5925 10.8194 13.5081 10.6127 9.98564 9.25978
threshold=-23.514285087585446 296.98974609375006 20.863806724548343 -0.82436862587928761 19.227108001708988 0.91128748655319225 0.33500000834465032 0.1799999997019768 1.8803545832633974 -0.070000002160668359 -0.32500000298023218 -0.18749999999999997 76.151096343994155 0.47249999642372137 -0.37800000607967371 -0.11182999983429907 83.500000000000014 -0.48927885293960566 -0.95380109548568714 76.73075103759767 18.63957500457764 7.3847055435180673 -29.406208992004391 77.10886383056642 77.084831237792983 25.763958930969242 79.500000000000014 -1.0000000180025095e-35 0.12299999967217447 1.060000002384186
decision_type=2 2 2 2 2 2 2 2 2 2 2 2 2 2 2 2 2 2 2 2 2 2 2 2 2 2 2 2 2 2
left_child=1 2 6 4 9 21 7 8 28 10 11 -2 -13 18 15 -5 -14 27 19 -11 -20 22 -4 -23 -6 -16 -27 -12 -1 -8
right_child=3 -3 5 14 24 -7 29 -9 -10 13 17 12 16 -15 25 -17 -18 -19 20 -21 -22 23 -24 -25 -26 26 -28 -29 -30 -31
leaf_value=0.0097904471768371013 -0.022849064246688016 -0.017001284960075344 0.074914816142385668 0.05047757580729028 -0.025225866305108549 -0.0084293653889639594 -0.011723857168950757 0.087407603727126693 0.069885307076324246 -0.019659166231958208 0.086904607163815456 -0.015644199230040276 0.060890038392134131 0.032962718222427793 -0.026441931342112941 -0.029826875889450547 0.0083840543844262653 0.014347261781349853 0.015957645957134232 0.028553969060493397 -0.021360905712434642 0.014555218221368705 0.031131854318398339 0.054763140108581188 0.00062818258676550199 0.032588351840382689 -0.023227801403183458 0.035833275778252009 -0.02094873212976861 0.020032069974673359
leaf_weight=18.121514022350311 20.60572823882103 43.856961891055107 41.940969221293926 7.8481600806117084 75.737433828413486 9.5766669735312444 36.981927044689655 14.633894816040991 9.0337371453642827 11.82235073298216 8.3520660847425496 13.880791544914244 15.025424443185329 11.926756918430327 188.31093660742044 8.3606735169887525 11.757516667246819 10.64848806709051 12.900512725114821 17.586272500455379 71.727517001330853 14.228106461465357 10.700585946440695 19.513643324375153 21.702148795127869 5.8631471991538993 8.0465472340583784 10.093977153301239 18.057346105575562 9.6002144664525968
leaf_count=166 197 446 297 66 818 87 363 111 73 115 65 134 128 104 2126 92 110 90 126 155 727 119 79 140 220 63 85 86 184 91
internal_value=7.39116e-05 0.0230427 0.031761 -0.0105769 -0.00258859 0.0498872 0.0151055 0.0304983 0.0105857 0.00509234 0.0189755 0.00572158 0.0204002 -0.00493819 -0.0219879 0.00972954 0.0389717 0.0457689 -0.00915422 0.00916303 -0.0155522 0.0563748 0.0667612 0.0387154 -0.0195197 -0.0245655 0.000907279 0.0622374 -0.00570268 -0.00489575
internal_weight=778.442 246.246 202.389 532.196 313.767 95.96 106.429 59.8465 45.2126 216.327 90.364 61.2695 40.6637 125.963 218.429 16.2088 26.7829 29.0945 114.037 29.4086 84.628 86.3833 52.6416 33.7417 97.4396 202.221 13.9097 18.446 36.1789 46.5821
internal_count=7663 2156 1710 5507 3075 722 988 534 423 2037 810 569 372 1227 2432 158 238 241 1123 270 853 635 376 259 1038 2274 148 151 350 454
is_linear=0
shrinkage=0.03


Tree=8
num_leaves=31
num_cat=0
split_feature=6 0 29 29 7 14 6 17 10 16 11 28 7 18 5 13 29 7 16 6 17 17 17 14 28 14 10 14 18 8
split_gain=186.786 101.286 68.2624 63.397 47.7191 53.279 42.1407 41.2963 32.3817 27.0061 33.7111 26.4704 22.6217 21.7287 24.4344 19.6209 18.1308 16.5469 18.874 21.2639 15.779 14.8127 14.5956 20.6281 15.506 13.6734 15.0197 16.7138 12.6798 10.9593
threshold=-0.88835394382476796 26.792584419250492 75.77988433837892 86.164299011230483 -41.276082992553704 -0.21499999612569806 -0.9563411772251128 0.79887014627456676 -0.32500000298023218 1.0014202296733858 88.500000000000014 24.009605407714847 -4.9848587512969962 1.5124193429946902 -0.78753387928009022 38.500000000000007 77.177566528320327 -16.682968139648434 -0.70490998029708851 -0.74761795997619618 -1.6770200133323667 -0.16493006795644757 -0.61042499542236317 0.42499999701976782 20.863806724548343 0.69499999284744274 -0.35500000417232508 -0.030000000260770317 0.65759998559951793 -27.089924812316891
decision_type=2 2 2 2 2 2 2 2 2 2 2 2 2 2 2 2 2 2 2 2 2 2 2 2 2 2 2 2 2 2
left_child=1 2 21 12 -4 8 7 9 11 10 28 -6 13 14 -2 -10 -3 18 -16 -20 -14 25 -8 -24 -25 26 -1 -28 -7 -29
right_child=3 16 4 -5 5 6 22 -9 15 -11 -12 -13 20 -15 17 -17 -18 -19 19 -21 -22 -23 23 24 -26 -27 27 29 -30 -31
leaf_value=-0.017051300843571079 -0.022220119972051224 -0.022534686357713996 0.065649633359578005 0.077112607385308507 0.0092463929220080419 0.030764241047392719 -0.013844194708762079 -0.0087381114482779822 0.031826825046678421 -0.0042499477737051221 -0.0041718287118418735 0.063000533690144161 0.0064223281995032955 -0.026681148503251192 -0.01165558292917203 0.080883875904949318 0.014104116808872491 -0.0029513629839419912 0.01614791155571094 0.07930290272790616 -0.025284912927672955 -0.017852925411369729 -0.0061385871309219521 -0.0024929554671396089 0.049687781327839027 -0.023926892601542401 0.056762481495045848 0.029906602741513244 0.074176929743378209 -0.01857813535782106
leaf_weight=8.0872978717088682 25.978607147932053 68.193893931806087 26.414272457361221 5.4980206191539756 29.883401148021221 10.337577626109121 38.865972623229027 17.971867419779301 13.3781511336565 8.9380933940410596 7.8219615817069998 10.629235073924063 14.742074161767958 34.217489168047905 7.161240920424464 23.112965740263462 14.030936814844607 30.349927239120007 12.110518164932731 7.7540757060050938 212.01474928855896 36.046027421951294 29.246586084365845 7.6682994589209583 13.916056826710699 8.4972704946994764 9.7934338301420194 7.8260692656040156 27.898770369589329 7.0729879289865547
leaf_count=79 281 749 189 51 267 79 370 168 109 77 63 84 151 361 67 166 140 316 108 72 2386 346 284 73 116 86 78 65 209 70
internal_value=0.000240257 0.0135744 0.020727 -0.0159757 0.0279143 0.0235 0.0136226 0.0303859 0.0439231 0.0430987 0.0521823 0.0245277 -0.0176811 -0.00692263 0.00140851 0.0642275 -0.0161883 0.0123045 0.0289307 0.0434195 -0.0232044 -0.00404646 -0.000198987 0.0103001 0.0318599 0.00814741 0.016924 0.0282821 0.0635231 0.00716877
internal_weight=775.458 425.631 343.406 349.827 266.083 239.669 162.665 72.9683 77.0038 54.9964 46.0583 40.5126 344.329 117.572 83.3544 36.4911 82.2248 57.3758 27.0258 19.8646 226.757 77.3231 89.6969 50.8309 21.5844 41.2771 32.7798 24.6925 38.2363 14.8991
internal_count=7660 3867 2978 3793 2254 2065 1439 596 626 428 351 351 3742 1205 844 275 889 563 247 180 2537 724 843 473 189 378 292 213 288 135
is_linear=0
shrinkage=0.03


Tree=9
num_leaves=31
num_cat=0
split_feature=6 0 29 29 8 17 1 12 14 18 12 6 4 6 11 16 29 29 14 14 8 14 10 1 11 18 1 17 16 8
split_gain=185.479 110.817 65.6201 59.2681 52.0924 28.4621 25.9211 36.2948 24.7683 24.6162 19.3998 21.3555 18.561 17.8775 17.6706 18.9225 16.9759 16.5124 14.0681 21.8334 13.9883 14.2968 16.3616 13.6155 12.6449 13.685 14.6225 12.4967 11.4211 9.55243
threshold=-0.85020262002944935 26.240862846374515 75.805187225341811 86.164299011230483 -23.514285087585446 -0.76707997918128956 3.9047691822052006 -0.38449999690055842 -0.27499999105930323 0.87687107920646679 -0.078500002622604356 -0.9563411772251128 171.50000000000003 -0.9563411772251128 83.500000000000014 -0.35508926212787623 77.440567016601577 77.177566528320327 0.30500000715255743 -1.0000000180025095e-35 -24.745010375976559 0.39499999582767492 -0.18500000238418576 12.512394905090334 89.500000000000014 0.51983559131622326 21.777545928955082 -0.34601922333240503 -1.2442275881767271 -7.1122472286224356
decision_type=2 2 2 2 2 2 2 2 2 2 2 2 10 2 2 2 2 2 2 2 2 2 2 2 2 2 2 2 2 2
left_child=1 2 20 6 5 13 -2 -8 14 -7 11 -10 -12 -4 15 29 -14 -3 19 23 21 22 28 -11 25 26 -9 -26 -1 -6
right_child=3 17 4 -5 8 9 7 24 10 18 12 -13 16 -15 -16 -17 -18 -19 -20 -21 -22 -23 -24 -25 27 -27 -28 -29 -30 -31
leaf_value=0.031140309382667378 -0.026625470455045121 -0.024351058594401422 0.08530790701197552 0.065895285605078194 0.049348033317161095 0.052261246886290892 0.039638640401172938 0.038936268574549647 0.02352768606912533 0.036987016926510276 0.0058537322581258596 -0.018315457177416616 0.059457165498111177 0.03175570594916742 -0.00041884667305422944 0.076814347232971203 0.0085443207971167192 0.010253815634826444 0.0046896959256900921 0.067868607234320699 -0.013110237090138926 -0.011552145342199633 0.046864515875151634 -0.012894061246046503 0.033548188210258789 -0.020523233398701816 -0.014548188533518027 -0.013653176837213425 -0.012690372025016232 0.005676111405742393
leaf_weight=7.6614542901515952 158.14900790899992 65.911893047392368 19.172625787556175 6.7952328696846953 7.5462301447987583 38.034212119877338 11.572595112025736 6.8540464714169529 15.002536699175833 9.34106900542975 36.158776082098484 34.120083309710026 14.337770767509939 10.171677783131598 8.9141261801123601 11.299956142902376 10.197156079113482 14.641484312713144 27.040148459374905 10.244481109082697 43.674081206321716 17.727536968886852 12.515047639608381 8.6630120128393155 8.7507726922631281 113.37710374593735 10.226456716656683 9.6301800236105901 13.057325676083567 10.171481192111967
leaf_count=63 1813 735 130 59 59 281 102 67 128 70 324 346 127 79 86 85 90 145 230 71 430 169 97 73 78 1256 110 98 122 85
internal_value=0.00111112 0.0136722 0.020694 -0.0160816 0.0281943 0.0425995 -0.018031 -0.00944519 0.0160285 0.0338466 0.00864848 -0.0053217 0.0198583 0.0684033 0.0366233 0.0476374 0.0394602 -0.0180126 0.0204755 0.034909 -0.000808562 0.00978343 0.0211692 0.0135702 -0.0135007 -0.0167727 0.00788046 0.00938989 0.00420501 0.0259193
internal_weight=770.96 445.604 365.051 325.355 270.415 122.667 318.56 160.411 147.748 93.3229 109.816 49.1226 60.6937 29.3443 37.9318 29.0177 24.5349 80.5534 55.2887 28.2486 94.6354 50.9614 33.2338 18.0041 148.839 130.458 17.0805 18.381 20.7188 17.7177
internal_count=7608 4025 3145 3583 2264 934 3524 1711 1330 725 1015 474 541 209 315 229 217 880 444 214 881 451 282 143 1609 1433 177 176 185 144
is_linear=0
shrinkage=0.03


Tree=10
num_leaves=31
num_cat=0
split_feature=7 29 5 17 8 3 17 18 10 29 3 1 4 4 8 14 18 3 28 18 18 6 17 1 6 17 3 6 29 6
split_gain=192.045 70.0595 57.3272 37.3501 36.0637 35.6805 27.9578 32.0059 23.4296 22.0755 20.2808 35.3046 24.1305 16.1642 15.6045 14.5456 13.3546 12.7414 12.4977 11.1923 13.5899 10.7816 10.3564 11.6283 9.27587 14.6041 13.835 8.91975 9.11291 8.70776
threshold=-6.1065237522125235 75.77988433837892 -0.73172146081924427 0.0048569331411272296 -23.514285087585446 6.7786185741424569 -0.72187915444374073 0.85111337900161754 0.38499999046325689 81.26676177978517 117.10200500488283 3.510846853256226 105.50000000000001 227.50000000000003 -24.745010375976559 -0.31499999761581415 1.7494255900382998 8.1844134330749529 25.763958930969242 0.63931947946548473 0.49232317507267004 -0.97606927156448353 -0.37010651826858515 19.886775970458988 -0.94107943773269642 -0.76042082905769337 49.845403671264656 -0.88835394382476796 76.151096343994155 -0.92449048161506642
decision_type=2 2 2 2 2 2 2 2 2 2 2 2 8 8 2 2 2 2 2 2 2 2 2 2 2 2 2 2 2 2
left_child=1 14 -3 8 5 -4 21 19 10 22 11 -2 16 29 24 -15 -13 -14 27 20 -8 -7 -9 -24 25 -1 -27 28 -5 -6
right_child=3 2 4 18 13 6 7 9 -10 -11 -12 12 17 15 -16 -17 -18 -19 -20 -21 -22 -23 23 -25 -26 26 -28 -29 -30 -31
leaf_value=0.048056600868829714 -0.013069703594089174 -0.025793989780500275 0.075537503966393291 -0.030492527716533505 0.013687037838128845 0.071091247620433756 0.046670027592911723 -0.02253894624193533 -0.024072347962175653 0.05193021230982605 -0.024144496509437851 -0.0033166542822770425 0.017644606980240764 0.06643902845485293 -0.01963368083755089 0.015676180457320207 0.035678443323560544 0.059529450240130254 0.014016987807067713 0.060751990443696377 0.0014345655877494408 0.030935456477908668 0.020848003439067574 -0.0106518306938981 -0.0074792302611689657 0.025736466281813059 -0.014668581251640592 -0.030991873889115323 -0.0056594621876571213 -0.0070986294155482611
leaf_weight=7.6963755786418906 57.811873145401478 18.999528534710407 17.949478477239609 21.818587511777878 50.814301311969757 17.596019662916664 13.111360542476179 11.476656325161455 48.204471901059151 8.1854848191142064 25.885441415011883 38.304717265069485 13.995768412947657 7.5727137550711658 39.75131181627512 14.647246956825255 8.91539019346237 13.620325230062006 6.6232664436101905 17.95588281005621 10.482675559818743 12.698381021618841 25.644780486822128 16.653302609920502 34.27886650711298 12.839880093932154 16.027095757424831 117.33682879060507 33.28561382740736 27.136200115084648
leaf_count=64 633 207 120 248 430 116 92 99 547 55 300 392 127 60 410 135 85 115 69 134 83 107 204 147 343 106 151 1406 344 272
internal_value=0.000184207 0.0152566 0.023446 -0.0147217 0.0272468 0.0364447 0.0306791 0.0228677 -0.00598791 0.00894603 -0.000372645 0.00441223 0.0179115 0.0130899 -0.00483552 0.0350927 0.00463304 0.0396607 -0.0247159 0.0429298 0.0274477 0.0557857 0.00157444 0.00848653 0.0036258 0.0139589 0.00356334 -0.0262759 -0.0158604 0.00645285
internal_weight=767.32 381.518 270.924 385.802 251.924 151.754 133.805 103.51 206.738 61.9602 158.534 132.648 74.8362 100.17 110.594 22.22 47.2201 27.6161 179.064 41.5499 23.594 30.2944 53.7747 42.2981 70.8422 36.5634 28.867 172.441 55.1042 77.9505
internal_count=7601 3335 2261 4266 2054 1157 1037 814 2199 505 1652 1352 719 897 1074 195 477 242 2067 309 175 223 450 351 664 321 257 1998 592 702
is_linear=0
shrinkage=0.03


Tree=11
num_leaves=31
num_cat=0
split_feature=7 28 6 4 5 17 12 1 17 14 18 6 22 8 29 12 7 12 4 18 1 18 11 15 18 1 28 8 14 10
split_gain=162.267 77.8727 57.8858 56.4867 41.0191 33.0764 31.8758 24.4813 26.7194 31.5081 35.3202 23.6305 17.1155 16.9748 15.3621 14.885 12.7181 12.2801 11.9341 17.8757 17.0999 13.3961 11.6687 27.9242 25.9369 11.1574 10.6808 9.96704 9.25186 12.1841
threshold=-13.73617649078369 22.590013504028324 -0.84565824270248402 171.50000000000003 -0.4591448307037353 0.86143988370895397 0.049999998882412917 11.248917579650881 -0.34601922333240503 0.014999999664723875 1.5608630180358889 -0.99573117494583119 1.0000000180025095e-35 5.2263717651367196 75.753208160400405 0.024500000290572647 -5.6592876911163321 -0.43700000643730158 3.5000000000000004 0.84204182028770458 32.132385253906257 0.63931947946548473 81.500000000000014 42.500000000000007 1.0784812569618227 3.6446163654327397 25.763958930969242 -25.986846923828121 -0.43999999761581415 0.37500000000000006
decision_type=2 2 2 8 2 2 2 2 2 2 2 2 2 2 2 2 2 2 10 2 2 2 2 2 2 2 2 2 2 2
left_child=1 6 3 14 -3 17 11 8 9 10 -5 -1 26 -14 -2 -11 -10 -6 20 21 -16 -20 23 -8 -25 -21 -4 -19 -13 -30
right_child=2 4 12 7 5 -7 22 -9 16 15 -12 28 13 -15 18 -17 -18 27 19 25 -22 -23 -24 24 -26 -27 -28 -29 29 -31
leaf_value=0.052173365209110693 -0.026474016177645016 -0.012868552255832208 -0.026964660717228767 0.089056024233526404 0.014374854722841446 -0.0024780337442141405 -0.021507339884073266 0.052109717428351437 0.017247023271055997 -0.021364057162075834 0.010060313364262274 0.040328074238163043 -0.019370580864564311 0.043426123667753572 0.014142920254022027 0.028252074376330122 -0.019159250513238399 0.056702369667887158 0.0041375980584302807 -0.020632470095882469 -0.026216473780565696 0.049868468338872457 -0.025421750664798043 0.049366036034358816 -0.0078485026883294978 0.0027138728548327202 0.0012341231118980769 0.027859529245221511 -0.0022750856100894855 0.027945676997696157
leaf_weight=13.69124076515436 42.815286487340927 13.299731202423571 173.36952209472656 10.310518421232702 9.7750706002116186 13.121657915413378 28.365511707961559 14.488700866699217 11.843564622104163 11.425645314157011 9.789233595132826 6.9797957614064208 7.7734104320406896 6.0005453303456306 11.416050307452677 8.6823391243815404 25.754960954189304 70.508110150694847 14.844767861068251 30.986893691122532 41.964477904140949 8.6405369862914068 25.112375400960445 12.962700985372068 14.093530565500258 42.975186891853809 12.897553615272043 16.337358139455318 44.710040919482708 15.350416995584963
leaf_count=104 477 129 2109 76 70 114 285 118 108 118 87 57 87 59 103 84 262 442 149 316 478 79 265 114 140 416 138 115 410 139
internal_value=0.000226228 0.0181917 -0.0102997 -0.00162103 0.036065 0.0420579 0.00441656 0.0175778 0.0105678 0.0272739 0.0528827 0.0176337 -0.0226352 0.00907411 -0.0108149 0.000382982 -0.00754152 0.0480696 -0.00622471 5.78231e-05 -0.0174838 0.0223121 -0.00888677 -0.00107676 0.0203456 -0.00721199 -0.0250159 0.0516554 0.00991676 0.00578
internal_weight=770.287 284.308 485.979 285.938 123.042 109.742 161.266 92.295 77.8063 40.2077 20.0998 80.7315 200.041 13.774 193.643 20.108 37.5985 96.6205 150.828 97.4474 53.3805 23.4853 80.5341 55.4217 27.0562 73.9621 186.267 86.8455 67.0403 60.0605
internal_count=7648 2384 5264 2871 870 741 1514 853 735 365 163 710 2393 146 2018 202 370 627 1541 960 581 228 804 539 254 732 2247 557 606 549
is_linear=0
shrinkage=0.03


Tree=12
num_leaves=31
num_cat=0
split_feature=7 28 6 6 14 12 6 4 7 4 12 2 10 6 12 8 10 29 3 10 28 3 3 5 12 18 6 8 12 7
split_gain=160.611 76.0675 40.0371 32.3137 32.3035 45.1211 35.3164 29.9761 27.8711 29.7964 57.0524 25.6636 24.2666 26.6984 20.7052 23.4749 17.9526 17.8264 18.9043 16.9607 14.9193 14.2729 13.9336 13.0475 11.8576 10.273 9.90046 20.6242 7.31105 9.22395
threshold=-6.1065237522125235 20.863806724548343 -0.88835394382476796 -0.84565824270248402 0.33500000834465032 -0.02450000029057264 -0.99573117494583119 173.50000000000003 -47.927003860473626 128.50000000000003 -0.16650000214576718 5.8988192081451425 -0.35500000417232508 -0.92449048161506642 -0.38449999690055842 6.2287437915802011 1.1200000047683718 77.440567016601577 40.728105545043952 0.31000000238418585 25.763958930969242 9.1503896713256854 122.84656143188478 0.20903649181127551 -0.090500000864267335 1.3999398946762087 -0.64897239208221424 -21.102535247802731 0.056499999016523368 -19.570931434631344
decision_type=2 2 2 2 2 2 2 8 2 8 2 2 2 2 2 2 2 2 2 2 2 2 2 2 2 2 2 2 2 2
left_child=1 4 8 7 5 6 -1 22 -3 17 25 -9 -8 -14 15 -5 28 -10 -19 23 -16 -12 -2 -7 -13 -11 27 -4 29 -6
right_child=3 2 26 14 16 19 12 11 9 10 21 24 13 -15 20 -17 -18 18 -20 -21 -22 -23 -24 -25 -26 -27 -28 -29 -30 -31
leaf_value=0.082636904950124768 -0.006037672008042381 0.065812341850344583 0.038396512180746689 -0.023092316342970046 0.0055660535026964856 -0.018989281817109484 -0.016743929289299332 -0.0058658849751849962 0.0024745708994952818 0.020934011410739219 0.081720409514123016 -0.00078917229500731555 0.05843208407106306 0.0035988277056766957 -0.027006833746203503 0.047893037518745178 0.020362966923983841 0.011075757657390103 0.053982977789384129 0.033498763884959162 0.016152468362773235 0.039558352474729698 -0.027044253383249162 0.016658425293596735 0.043318264611609154 -0.024628771046191864 -0.027075701907304715 -0.017400428273539804 -0.027601326174876144 -0.023054599124778839
leaf_weight=9.311742812395094 98.537146650254726 22.012654073536396 10.056831277906896 7.9059455022215825 20.192139863967892 42.18273651599884 11.289210416376589 31.269456394016743 39.084212765097618 8.0256637036800367 22.162435084581375 7.1648295894265202 16.448745243251324 15.002559445798399 158.179085098207 7.0065266489982605 12.274318091571329 20.527216009795666 16.858537092804909 7.7839202955365172 6.9203852936625472 15.416588753461836 39.431980386376381 10.922058790922163 21.921340845525265 7.7969726473093024 9.093476936221121 12.045664474368097 34.402351006865501 18.736909426748756
leaf_count=61 1030 143 81 87 188 442 107 322 302 59 144 68 120 147 1988 58 116 148 115 62 74 100 471 108 177 63 102 123 361 187
internal_value=0.000942227 0.0146551 0.0285473 -0.0128921 0.00176623 0.0122551 0.0324872 -0.00450142 0.0348678 0.02916 0.0462218 0.0129928 0.0199217 0.033193 -0.0220604 0.0111735 -0.0120537 0.0168024 0.0313264 -0.0052862 -0.0251114 0.0658974 -0.0121928 -0.0114852 0.0327881 -0.0016475 -0.0023526 0.00855075 -0.0176806 -0.00844172
internal_weight=759.964 381.627 183.08 378.337 198.547 112.941 52.0523 198.325 151.884 129.872 53.4017 60.3556 42.7405 31.4513 180.012 14.9125 85.6057 76.47 37.3858 60.8887 165.099 37.579 137.969 53.1048 29.0862 15.8226 31.196 22.1025 73.3314 38.929
internal_count=7554 3279 1380 4275 1899 1047 435 2068 1074 931 366 567 374 267 2207 145 852 565 263 612 2062 244 1501 550 245 122 306 204 736 375
is_linear=0
shrinkage=0.03


Tree=13
num_leaves=31
num_cat=0
split_feature=7 29 5 17 16 12 8 10 12 14 6 14 16 12 29 7 12 29 12 0 2 14 2 11 8 12 29 5 17 1
split_gain=145.964 72.5547 49.5908 35.3247 30.5593 30.5306 25.4935 28.5016 23.6011 19.441 18.7877 18.6554 15.1742 14.4613 14.3468 14.1832 13.8948 17.5867 13.4954 13.2297 26.4396 13.4183 12.387 10.7152 10.4979 11.8772 10.239 9.90446 10.1558 10.1058
threshold=-6.1065237522125235 75.77988433837892 -0.75976759195327748 0.0048569331411272296 0.97016850113868724 -0.36949999630451197 -23.514285087585446 -0.79500001668930043 -0.52750000357627858 -0.10500000044703482 -0.85020262002944935 0.30500000715255743 -1.7476649880409239 -0.18749999999999997 81.26676177978517 -19.570931434631344 0.14649999886751178 77.084831237792983 0.37450000643730169 22.549906730651859 7.3484604358673105 -0.3299999982118606 27.327788352966312 66.000000000000014 -27.089924812316891 0.049999998882412917 79.142368316650405 -0.34091138839721674 -0.29976421594619745 9.6724867820739764
decision_type=2 2 2 2 2 2 2 2 2 2 2 2 2 2 2 2 2 2 2 2 2 2 2 2 2 2 2 2 2 2
left_child=1 24 -3 5 6 8 7 -4 -2 19 12 27 -8 -14 -5 26 -15 -18 -11 20 21 -7 -16 -20 25 -1 -13 -9 29 -29
right_child=3 2 4 14 -6 9 10 11 -10 18 -12 15 13 16 22 -17 17 -19 23 -21 -22 -23 -24 -25 -26 -27 -28 28 -30 -31
leaf_value=0.011674006336533317 -0.010595962361114713 -0.025714615356133647 -0.018386131000832719 -0.026643235031703429 -0.0087188431859787675 -0.020412081181115944 0.056926058539463184 0.018943822804859553 0.048290865564236944 -0.023379861729931832 -0.010620596975909891 0.023242103248226065 -0.0071489224476300565 0.03687041674700807 -0.024073651689406523 -0.0087048621826157687 -0.027171668090592179 0.031931332294794459 0.028492017082274227 -0.019952634404910147 0.03451422382751166 0.019679590149921284 0.031247145417680998 -0.013008125696970763 -0.019720332863360276 -0.013019874612281995 0.056912604242867079 0.04459628422072931 0.036551064991347262 0.081670015749117461
leaf_weight=32.979056902229786 9.625235319137575 19.239939510822296 8.2546623423695547 159.44520097225904 24.077647008001804 22.301855638623238 8.4077460244297963 11.343306690454481 14.49481964856386 85.290705680847168 21.275265425443649 44.965867251157761 17.767645925283432 28.030039764940739 5.8016389459371549 9.405952610075472 8.2132067307829875 7.9204419776797286 8.0557112619280833 17.393604665994644 21.449198685586452 10.165740251541136 6.8955149799585342 13.703935392200945 44.380256958305836 35.219607666134834 10.074693262577055 20.004982158541679 30.325349293649197 16.071338936686516
leaf_count=279 105 219 71 1953 204 253 62 97 123 1006 222 342 160 222 66 79 79 59 69 205 186 97 71 151 465 363 60 120 203 98
internal_value=-0.000835796 0.0118017 0.0198276 -0.0142561 0.023204 -0.00571618 0.0264021 0.03399 0.0253054 -0.010029 0.013709 0.0371378 0.0211137 0.0154245 -0.0242102 0.0245705 0.0244633 0.00201378 -0.0180538 0.00210085 0.0094491 -0.00764627 0.00605761 0.0029326 -0.0085387 -0.00108243 0.0303108 0.0471111 0.0515705 0.0628693
internal_weight=772.58 397.957 285.378 374.623 266.138 202.481 242.06 150.446 24.1201 178.361 91.6143 142.191 70.3391 61.9313 172.142 64.4465 44.1637 16.1336 107.05 71.3104 53.9168 32.4676 12.6972 21.7596 112.579 68.1987 55.0406 77.745 66.4017 36.0763
internal_count=7689 3404 2297 4285 2078 2195 1874 1070 228 1967 804 999 582 520 2090 481 360 138 1226 741 536 350 137 220 1107 642 402 518 421 218
is_linear=0
shrinkage=0.03


Tree=14
num_leaves=31
num_cat=0
split_feature=7 29 3 0 3 16 17 6 4 8 17 4 14 14 17 18 10 10 14 14 4 0 12 0 6 12 8 16 8 29
split_gain=140.607 72.5265 49.071 34.5373 38.0279 27.6505 28.7223 27.1408 40.2039 22.2108 23.0957 19.9351 22.6582 19.2799 17.5461 18.5013 20.4748 13.8184 24.2596 13.9483 13.4402 13.3173 11.815 11.7191 11.5923 10.5807 10.3978 10.3422 9.40027 9.02807
threshold=-6.6533629894256583 75.77988433837892 296.98974609375006 0.089556243270635619 102.74050903320314 0.97016850113868724 0.91128748655319225 -0.82436862587928761 9.5000000000000018 -23.514285087585446 -0.0068096849136054507 2.5000000000000004 0.47499999403953558 0.32500000298023229 -0.34601922333240503 1.5608630180358889 0.1799999997019768 -0.34499999880790705 0.28000000119209295 0.40500000119209295 6.5000000000000009 0.69369539618492138 0.092000000178813948 10.886576175689699 -0.97789707779884327 -0.16650000214576718 -25.416237831115719 -0.34518904983997339 -51.238124847412102 77.177566528320327
decision_type=2 2 2 2 2 2 2 2 10 2 2 8 2 2 2 2 2 2 2 2 10 2 2 2 2 2 2 2 2 2
left_child=1 26 5 -2 7 6 9 11 13 17 25 -5 14 -9 15 16 -13 28 -19 -20 -16 -8 -17 -21 -23 -11 -1 -12 -3 -7
right_child=3 2 -4 4 -6 29 21 8 -10 10 27 12 -14 -15 20 22 -18 18 19 23 -22 24 -24 -25 -26 -27 -28 -29 -30 -31
leaf_value=-0.00079781433022749269 -0.02682453623539046 0.042202095528570134 -0.012301015249492933 -0.014648014693218558 -0.025203118683313687 -0.019774839568483107 -0.027719008098536731 -0.0039578061127726336 -0.024671450962820723 -0.01298876733911259 0.021209871896433551 0.069548433349765945 -0.015819066152807783 0.063710414252440881 0.038615201450124904 -0.012746379881466827 0.0086244127870126804 0.067595139249774158 0.010880467321382372 0.056335867789765882 -0.0023582082546792856 -0.0057139314457401828 0.032262296823242997 0.01735171068441092 0.036781680401238352 0.016959737769966576 -0.020169842628632619 0.066442508805739986 0.010141607648864487 0.015645870270644915
leaf_weight=71.969194166362286 107.55728820711374 14.034483559429644 33.795102067291737 26.201681867241859 73.178617164492607 13.637578614056112 8.5342830792069453 7.3271629363298398 61.546285539865494 14.509240068495272 10.145241796970369 16.055075056850914 17.772917330265045 6.6123549789190292 8.1886374279856664 9.1390911042690295 7.4448233321309081 34.311328247189522 17.152213588356972 23.651373460888863 32.917440958321095 11.742372110486032 10.147901967167853 11.311887405812739 9.9508207961916906 33.335585035383701 37.228312812745571 9.951629810035227 20.117829889059067 10.65954154729843
leaf_count=677 1351 90 348 290 910 127 78 87 784 132 79 119 189 53 88 93 71 206 117 157 311 109 81 81 85 272 397 81 144 78
internal_value=0.000360423 0.0131298 0.0212748 -0.0124745 -0.00681647 0.0259747 0.0293338 -0.000108914 -0.0142651 0.0336657 0.0195081 0.00829395 0.0142917 0.0302573 0.020782 0.0340149 0.0513874 0.0414168 0.0478888 0.0338864 0.00652725 0.00210391 0.011358 0.0445563 0.0145409 0.00779769 -0.00752535 0.045696 0.0241422 -0.004231
internal_weight=770.127 386.038 276.841 384.089 276.532 243.045 218.748 203.353 75.4858 188.521 67.9417 127.868 101.666 13.9395 83.893 42.7869 23.4999 120.579 86.4268 52.1155 41.1061 30.2275 19.287 34.9633 21.6932 47.8448 109.198 20.0969 34.1523 24.2971
internal_count=7685 3258 2184 4427 3076 1836 1631 2166 924 1359 564 1242 952 140 763 364 190 795 561 355 399 272 174 238 194 404 1074 160 234 205
is_linear=0
shrinkage=0.03


Tree=15
num_leaves=31
num_cat=0
split_feature=7 28 5 12 12 12 14 17 10 12 2 11 3 8 10 5 3 1 1 12 0 5 5 0 14 10 10 17 10 10
split_gain=150.867 65.9268 37.2409 30.7961 34.1574 25.3002 29.2251 24.3327 23.63 22.5326 40.7618 23.2947 21.2779 21.1901 26.6563 16.0966 27.7452 14.975 13.3033 18.2575 12.272 11.2745 10.7751 10.756 9.97286 11.3136 20.4405 14.873 9.17188 9.1489
threshold=-4.7912194728851309 20.863806724548343 -0.73172146081924427 -0.37800000607967371 -0.52750000357627858 -0.01150000002235174 0.33500000834465032 0.91128748655319225 1.1200000047683718 -0.16650000214576718 38.956758499145515 84.500000000000014 337.93124389648443 -18.89265155792236 -0.35500000417232508 0.56202840805053722 102.74050903320314 3.510846853256226 29.46928691864014 0.13350000232458117 21.982028007507328 -0.25901904702186579 0.25061884522438055 20.541238784790043 0.074999999254941954 -0.42000000178813929 -0.34499999880790705 -0.518660008907318 0.35999999940395361 1.060000002384186
decision_type=2 2 2 2 2 2 2 2 2 2 2 2 2 2 2 2 2 2 2 2 2 2 2 2 2 2 2 2 2 2
left_child=1 5 -3 4 -2 6 12 9 24 10 22 23 13 14 -1 16 17 -5 19 -19 -17 -12 -4 -11 25 -7 -27 -28 -8 -30
right_child=3 2 7 15 -6 8 28 -9 -10 11 21 -13 -14 -15 -16 20 -18 18 -20 -21 -22 -23 -24 -25 -26 26 27 -29 29 -31
leaf_value=0.003376910296175116 -0.014521316903269688 -0.030171434289584569 0.010763472191127018 -0.017515106500335671 0.045193145405573981 -0.017903412486270115 -0.026096836234888444 -0.0014647197730871489 0.033046160657688999 0.047220133655777347 0.016439264093905389 0.0022681394055287249 -0.022136822343182903 0.0052873985361560974 0.059669734519610954 -0.02810553030418278 -0.028728543291303855 -0.0024701319870254193 -0.012291033886023414 0.033405459697384746 0.017199456106635504 0.058913625914281897 -0.021119235072334451 0.010801294625793179 -0.021253114138677271 0.049521256596214515 0.017479740354928736 -0.030582313200137028 0.015526177420252883 -0.021063510501822112
leaf_weight=10.758892230689524 18.436934068799019 9.9922940880060178 19.078905276954174 44.229409031569958 14.630080379545687 24.226882062852383 15.136474572122095 23.627084158360958 10.213284909725187 88.751125730574131 9.8823196217417735 13.758600071072577 7.2604398727416983 20.481003284454346 25.592162825167179 117.58550153672695 58.743257485330105 29.043471619486809 27.764743752777576 21.604953907430172 5.0000439733266822 16.161257438361645 17.247822143137455 8.6964433714747411 57.548219308257103 7.2714088112115887 11.104429520666603 10.168753273785111 16.56725658476353 8.4768112972378713
leaf_count=88 217 117 125 487 120 264 155 214 98 575 71 102 79 210 170 1566 756 268 321 166 57 106 163 66 618 68 98 109 158 82
internal_value=0.00026734 0.0119921 0.0241562 -0.014752 0.0124497 0.00072365 0.0114863 0.0270473 -0.00860504 0.0309145 0.0161064 0.039002 0.0239225 0.0300877 0.0435451 -0.0177422 -0.0119591 -0.00375946 0.00412235 0.0131837 -0.0261334 0.0440004 -0.00453459 0.0441128 -0.0127233 -0.00319911 0.00946456 -0.0058359 -0.00844995 0.00280822
internal_weight=769.04 432.002 207.196 337.038 33.067 224.806 104.273 197.204 120.533 173.576 62.3703 111.206 64.0925 56.8321 36.3511 303.971 181.386 122.643 78.4132 50.6484 122.586 26.0436 36.3267 97.4476 110.32 52.7715 28.5446 21.2732 40.1805 25.0441
internal_count=7694 3736 1539 3958 337 2197 942 1422 1255 1208 465 743 547 468 258 3621 1998 1242 755 434 1623 177 288 641 1157 539 275 207 395 240
is_linear=0
shrinkage=0.03


Tree=16
num_leaves=31
num_cat=0
split_feature=7 28 6 12 6 2 16 16 14 10 18 3 0 12 7 17 12 17 16 16 12 12 6 14 9 17 18 6 9 16
split_gain=133.605 63.4878 32.7017 27.4695 26.9642 24.3375 23.0911 39.2672 21.3096 33.032 19.6326 19.505 20.9383 18.7502 18.0236 19.0255 15.7257 15.6432 15.0711 14.8472 14.5188 14.3421 13.8706 13.5302 12.9915 12.6878 16.8465 11.657 19.0765 11.4887
threshold=-4.7912194728851309 20.863806724548343 -0.89225733280181874 -0.16650000214576718 -0.84565824270248402 38.956758499145515 0.11668841913342477 -0.01200395869091153 -0.11999999731779097 -0.26999999582767481 1.1324288845062258 105.6267433166504 0.0015417900285683574 -0.38449999690055842 -50.010150909423821 0.79887014627456676 -0.38799999654293055 0.55027690529823314 -1.579212963581085 0.89376452565193187 -0.19049999862909314 0.06749999895691873 -0.99223279953002919 0.47499999403953558 -37.22257995605468 -0.35663105547428126 1.6044149994850161 -0.64897239208221424 -44.873651504516594 0.7252347767353059
decision_type=2 2 2 2 2 2 2 2 2 2 2 2 2 2 2 2 2 2 2 2 2 2 2 2 2 2 2 2 2 2
left_child=1 6 3 5 11 10 7 8 9 21 -3 12 -2 16 -5 19 -6 -7 -10 22 -8 24 -16 25 -1 26 -14 28 -4 -27
right_child=4 2 27 14 13 17 20 -9 18 -11 -12 -13 23 -15 15 -17 -18 -19 -20 -21 -22 -23 -24 -25 -26 29 -28 -29 -30 -31
leaf_value=0.039445698015986713 -0.027594467896984231 0.021510586673824401 0.042028637962859425 0.073074935829748056 -0.020980859810384864 0.04929684804024357 0.0091970161864090936 0.058669757978822089 0.025176382937872287 0.051623345749427611 -0.022819609134315431 -0.024682600666587434 0.032838671507507189 -0.026843677420907906 0.016069435850185613 -0.0025014858545534895 0.040172066924836207 0.00090822135289261657 -0.011308268274507656 0.0025532553062749055 -0.022295521817391282 -0.017614876780381941 0.048685117976123342 -0.018474252492952026 -0.0083588059048442832 -0.0087780709408236419 -0.0033504418141509632 -0.029776806745231914 -0.0072333737663285366 0.026312567466985484
leaf_weight=10.583926752209665 21.683292046189308 14.47660333663225 8.9792344272136635 11.095854580402372 6.7109382003545761 17.238140590488914 16.880936436355114 10.832303598523138 10.666779361665247 15.865485675632952 20.51127427816391 40.016304261982441 29.713750690221786 139.44068107753992 16.169251285493367 12.029663383960722 6.5271035954356176 9.027025602757929 81.734317973256111 9.8138675987720472 52.261458709836006 18.151405528187752 59.483310624957092 19.429275453090668 8.6378326267003995 42.308697119355202 18.305940598249435 8.9445574060082418 23.555961556732658 9.421829976141451
leaf_count=78 264 102 63 64 83 107 157 92 102 109 167 515 248 1891 100 100 46 73 821 68 558 200 366 220 93 439 169 107 227 89
internal_value=-9.43313e-05 0.0108105 0.022585 0.0283864 -0.0143686 0.0120512 -0.000269261 0.00610916 0.00182641 0.0167718 -0.00438948 -0.00647553 -0.00116574 -0.0236165 0.0374066 0.0326465 0.00987476 0.0333095 -0.00687202 0.0375654 -0.0145852 0.001017 0.0420147 0.00383225 0.0186124 0.00831734 0.0192558 -0.00127887 0.00721007 -0.00200912
internal_weight=770.497 436.939 211.325 169.845 333.558 61.253 225.614 156.472 145.64 53.2387 34.9879 180.879 140.863 152.679 108.592 97.4961 13.238 26.2652 92.4011 85.4664 69.1424 37.3732 75.6526 119.179 19.2218 99.7502 48.0197 41.4798 32.5352 51.7305
internal_count=7718 3754 1544 1147 3964 449 2210 1495 1403 480 269 1944 1429 2020 698 634 129 180 923 534 715 371 466 1165 171 945 417 397 290 528
is_linear=0
shrinkage=0.03


Tree=17
num_leaves=31
num_cat=0
split_feature=6 29 4 29 2 14 17 14 28 12 7 12 12 17 11 28 17 11 7 29 1 7 6 6 6 12 16 28 17 18
split_gain=117.185 61.9783 43.5623 40.7206 22.5898 21.9835 23.2882 21.7114 20.9428 23.6991 18.6037 26.8014 18.4631 20.9915 20.3819 20.5138 29.0813 18.2451 17.8205 17.4487 14.2343 12.3652 12.2745 12.7367 11.1593 13.0678 10.9553 10.8528 9.89885 9.37261
threshold=-0.88835394382476796 75.805187225341811 3.5000000000000004 86.164299011230483 3.7142541408538823 0.38499999046325689 -0.53089502453804005 0.40500000119209295 22.590013504028324 0.26000000536441809 -29.18674278259277 -0.17849999666213986 -0.38449999690055842 -0.26767499744892115 89.500000000000014 20.863806724548343 -0.34601922333240503 73.500000000000014 -25.864666938781735 77.084831237792983 39.04939270019532 -4.8997147083282462 -0.61626377701759327 -0.77289488911628712 -0.92449048161506642 -0.02450000029057264 -1.8195750117301939 20.863806724548343 0.75613871216773998 1.1485597491264345
decision_type=2 2 8 2 2 2 2 2 2 2 2 2 2 2 2 2 2 2 2 2 2 2 2 2 2 2 2 2 2 2
left_child=1 18 19 4 -2 6 10 29 -9 17 -4 -12 13 -6 21 16 -16 -10 27 -3 -21 22 23 -14 25 -8 -20 -1 -26 -7
right_child=3 2 5 -5 12 7 24 8 9 -11 11 -13 14 -15 15 -17 -18 -19 26 20 -22 -23 -24 -25 28 -27 -28 -29 -30 -31
leaf_value=-0.0044148176424181626 -0.026191398056008054 -0.023261382088829153 0.070635851914299941 0.054898942034906847 0.051332652667803465 0.0053227825922134795 0.03416553668275725 -0.0032436689844028959 -0.0057622432711060623 0.060927259714434717 -0.00089099715521490422 0.048992930095020995 -0.013970819499103213 -0.0099533163871731809 0.065561820033405063 -0.017395951993257538 -0.0086134999255715449 0.031427634445582581 0.022242990277522849 0.033450659202029588 -0.012083359620447468 -0.025825620366195519 -0.022620441713265039 0.016792904756478939 -0.013288402071367906 0.0082398222048974522 -0.017566861371949224 0.030997055633324177 0.028260936259416936 -0.029729747500909776
leaf_weight=16.804619222879413 109.02846406400204 28.800001338124275 16.685216441750526 6.6662433370947829 8.314525634050371 13.422474250197412 49.838991388678551 27.274279400706291 18.670138448476791 14.243995524942873 14.620019249618052 27.561956964433193 23.169429428875446 10.356014922261236 8.8906392529606837 13.550884574651716 8.769342780113222 30.358630634844303 5.8710507750511161 11.510328337550165 11.437420576810835 70.155751541256905 31.073388502001762 23.288443438708782 14.512635439634325 27.891730330884457 83.992218405008316 13.181438826024531 6.7335699647665015 12.525369189679621
leaf_count=154 1449 337 95 52 61 103 349 266 171 93 121 179 235 107 78 132 95 206 53 86 121 958 379 236 133 219 903 90 62 119
internal_value=0.000426376 0.0102962 0.0170626 -0.0136115 -0.0152747 0.021813 0.029098 0.0117785 0.0186707 0.0280206 0.0440079 0.0320832 -0.00914882 0.0185612 -0.0121279 0.00966052 0.0302412 0.0174336 -0.00810294 -0.00805715 0.0111991 -0.0167664 -0.00834454 0.00147935 0.0198788 0.0250856 -0.0147498 0.0116497 0.000558288 -0.0120729
internal_weight=759.199 445.936 326.087 313.263 306.597 274.339 157.844 116.495 90.547 63.2728 58.8672 42.182 197.568 18.6705 178.898 31.2109 17.66 49.0288 119.849 51.7478 22.9477 147.687 77.5313 46.4579 98.9769 77.7307 89.8633 29.9861 21.2462 25.9478
internal_count=7642 3860 2660 3782 3730 2116 1158 958 736 470 395 300 2281 168 2113 305 173 377 1200 544 207 1808 850 471 763 568 956 244 195 222
is_linear=0
shrinkage=0.03


Tree=18
num_leaves=31
num_cat=0
split_feature=8 28 6 4 17 12 10 6 5 12 14 8 4 5 13 5 4 10 17 18 17 9 1 18 16 14 1 9 4 17
split_gain=113.673 60.1508 34.1954 29.9769 25.6735 25.0334 34.2237 26.7737 24.8298 20.3995 18.0502 17.3746 14.3606 17.0475 14.149 12.3196 11.3511 12.4486 10.8124 11.5442 11.8237 10.807 10.7235 9.79506 9.20917 8.58788 8.49278 8.39766 8.32341 8.23912
threshold=-10.305569171905516 22.590013504028324 -0.84565824270248402 232.50000000000003 0.91128748655319225 0.046000000089406974 1.1200000047683718 -0.98471984267234791 -0.60434082150459278 0.12150000035762788 -0.43999999761581415 -24.745010375976559 19.500000000000004 0.59747540950775158 52.500000000000007 0.45150023698806768 3.5000000000000004 0.24000000208616259 0.75902667641639721 1.2228999733924868 -0.31081075966358179 49.71740913391114 2.5916731357574467 1.5455672740936282 -0.72854000329971302 -0.21499999612569806 31.498814582824711 -70.130947113037095 1.5000000000000002 0.40841868519783026
decision_type=2 2 2 8 2 2 2 2 2 2 2 2 10 2 2 2 10 2 2 2 2 2 2 2 2 2 2 2 10 2
left_child=1 5 3 16 8 7 -7 23 -3 22 -9 14 13 -4 -10 25 26 21 19 20 -12 29 -5 27 -16 -13 -2 -1 -15 -18
right_child=2 4 12 9 -6 6 -8 10 11 -11 18 15 -14 28 24 -17 17 -19 -20 -21 -22 -23 -24 -25 -26 -27 -28 -29 -30 -31
leaf_value=0.039819910378440217 0.0063380169811469919 -0.018050704158778411 -0.020973079923691806 -0.017586883777163081 -0.009312808199817257 -0.01598155454118565 0.042077738382120512 0.041800816348873254 0.047821193512652571 0.042715123723853096 0.015454663605114232 0.042581514852935688 -0.0266237861842617 0.040712221160415833 0.0035605260721604079 -0.016386591234413599 0.0058828452852629836 -0.01571760366422819 0.022644436835048163 -0.025505343296850516 -0.016334282853314872 0.036971828697583566 0.020189699346857992 0.059158204282109127 0.035145080286752881 0.01249443027629958 -0.025476684238461295 -0.0014459671809005387 8.8805952321874341e-05 -0.018606390723495746
leaf_weight=8.4206271544098872 8.6555512100458127 8.8434560224413854 29.615477547049522 12.575046002864839 16.967312701046467 86.711673334240913 9.2368035987019521 8.2255263403058034 62.985190510749817 17.744579277932644 23.04439520090818 12.865099184215067 121.46546386927366 6.1511953026056316 13.948877446353434 7.7850049734115592 51.403199076652527 45.498653545975685 11.638618938624857 20.644187830388546 17.743458949029449 7.0191448479890814 12.481298975646494 9.8975013718008977 20.487112030386925 25.698958419263363 43.9473060593009 8.264141298830511 12.440475061535833 15.182684801518915
leaf_count=58 80 98 386 146 154 924 84 60 359 141 196 85 1715 52 83 79 477 483 106 208 174 69 102 67 119 200 563 79 144 163
internal_value=0.000311931 0.0120827 -0.0111305 -0.00314133 0.0252271 0.00107703 -0.0100159 0.0109446 0.0291028 0.0190434 0.00225069 0.0321079 -0.0211531 -0.00710804 0.0393029 0.016474 -0.00874951 -0.00355681 -0.00270567 -0.00779416 0.00156594 0.00407025 0.0012834 0.0364876 0.0228127 0.0233542 -0.0202211 0.0204545 0.0149214 0.000106214
internal_weight=757.588 373.408 384.18 214.507 169.581 203.827 95.9485 107.878 152.614 42.8009 81.2962 143.77 169.673 48.2071 97.4212 46.3491 171.707 119.104 73.0707 61.432 40.7879 73.605 25.0563 26.5823 34.436 38.5641 52.6029 16.6848 18.5917 66.5859
internal_count=7654 3133 4521 2224 1177 1956 1008 948 1023 389 744 925 2297 582 561 364 1835 1192 684 578 370 709 248 204 202 285 643 137 196 640
is_linear=0
shrinkage=0.03


Tree=19
num_leaves=31
num_cat=0
split_feature=6 0 29 29 17 6 29 29 0 28 16 10 17 22 10 3 20 5 18 10 4 18 28 11 0 16 8 6 29 6
split_gain=89.153 59.9543 35.4515 31.3537 26.7822 23.256 18.8011 17.9258 17.8406 16.7883 16.259 16.2996 18.4496 14.947 14.7766 13.3141 13.8812 13.0189 15.928 13.0137 11.1143 16.3579 10.9588 12.3325 21.8049 15.6676 10.6849 12.081 10.2147 10.1776
threshold=-0.88835394382476796 20.541238784790043 86.164299011230483 75.77988433837892 0.0048569331411272296 -0.94107943773269642 83.357944488525405 77.177566528320327 1.0000000180025095e-35 24.009605407714847 0.97016850113868724 -0.79500001668930043 0.79887014627456676 1.0000000180025095e-35 0.74500000476837169 74.619853973388686 1.0000000180025095e-35 -0.8126716911792754 0.51983559131622326 -0.35500000417232508 171.50000000000003 0.85111337900161754 20.863806724548343 74.500000000000014 14.54085683822632 -0.2276322469115257 -41.471574783325188 -0.61626377701759327 77.440567016601577 -0.97789707779884327
decision_type=2 2 2 2 2 2 2 2 2 2 2 2 2 2 2 2 2 2 2 2 10 2 2 2 2 2 2 2 2 2
left_child=1 3 4 15 8 6 10 -3 -2 14 11 -5 13 -13 20 16 -1 -10 -19 -11 21 -7 23 -20 25 -25 27 -6 -12 -14
right_child=2 7 -4 5 26 9 -8 -9 17 19 28 12 29 -15 -16 -17 -18 18 22 -21 -22 -23 -24 24 -26 -27 -28 -29 -30 -31
leaf_value=-0.0025712179004316873 -0.025856987367359526 -0.019395854843686982 0.047451902259964346 -0.008438515973939022 0.017298692356763339 0.036868540099979204 0.058128720805469339 0.011598432552796941 -0.020863392655632588 0.02475240686552823 -0.025764303984535112 0.037472797975340505 -0.012972049661989766 -0.00017923497516507387 -0.015786998924314087 -0.018870807905974517 0.036795737507535169 0.038938480094658237 -0.017960035554742591 -0.018895380832608909 0.032809184277352729 -0.0069396403204871624 -0.011099564927249355 0.019471189209371693 0.062665137784487818 -0.024259484452724522 -0.02668177587216973 -0.026823274375821521 0.018606277448698461 0.026288986323802978
leaf_weight=32.37344541400671 29.744895197451115 74.635189197957516 7.6644649952650061 11.211554042994974 11.137470796704294 10.599211096763609 13.963140182197092 20.857426725327969 21.679206594824791 6.9455594867467871 9.0260323658585566 95.814946874976158 13.15386286377907 10.509556740522383 10.875191047787665 29.151078470051289 9.6845978870987874 9.6762684881687147 10.657180443406103 27.102312862873077 33.292384803295135 21.937165439128876 41.257640868425369 23.308096937835209 6.7047116979956618 9.6262081712484413 125.15868736058474 9.3627661466598493 7.7881322205066672 9.2680062502622587
leaf_count=294 395 901 57 90 94 84 77 192 275 53 78 590 120 75 113 304 72 94 119 242 261 205 449 263 63 121 1721 118 57 74
internal_value=-9.89282e-05 0.00841689 -0.0125595 0.0141202 -0.0142547 0.0186058 0.0255285 -0.0125761 -0.00541791 0.00780094 0.0222748 0.0256044 0.0286112 0.0337841 0.0155218 -0.00362334 0.00713774 -0.000302756 0.00426147 -0.0095393 0.0208529 0.00800535 0.000215369 0.00953238 0.0171839 0.00635113 -0.0234158 -0.0031628 -0.00532157 0.00368591
internal_weight=754.166 448.189 305.978 352.696 298.313 281.487 170.735 95.4926 152.654 110.752 156.772 139.958 128.746 106.325 76.704 71.2091 42.058 122.909 101.23 34.0479 65.8288 32.5364 91.5538 50.2962 39.639 32.9343 145.659 20.5002 16.8142 22.4219
internal_count=7651 3882 3769 2789 3712 2119 1161 1093 1779 958 1084 949 859 665 663 670 366 1384 1109 295 550 289 1015 566 447 384 1933 212 135 194
is_linear=0
shrinkage=0.03


Tree=20
num_leaves=31
num_cat=0
split_feature=7 5 29 11 4 16 4 5 29 7 2 29 7 3 22 12 2 10 16 10 5 4 16 18 16 7 16 12 29 16
split_gain=97.4687 43.3181 35.7317 23.9397 29.6722 21.9992 18.7163 21.8858 18.3329 16.6887 14.8311 14.8184 14.5131 13.8098 18.144 13.107 12.4069 12.0084 12.4706 10.0871 9.65092 12.1495 8.97017 11.0461 13.9898 11.4417 10.2575 8.37003 7.98187 7.49874
threshold=-6.1065237522125235 -0.8126716911792754 75.77988433837892 74.500000000000014 3.5000000000000004 0.97016850113868724 128.50000000000003 0.29221479594707495 77.440567016601577 -47.927003860473626 6.8681631088256845 84.152141571044936 0.68494117259979259 69.08390045166017 1.0000000180025095e-35 -0.030999999493360516 67.94775772094728 0.34499999880790716 -1.5266177058219907 0.59999999403953563 0.59747540950775158 19.500000000000004 -1.8195750117301939 0.87687107920646679 -0.083012353628873811 -29.502439498901364 -0.42326192557811732 0.13350000232458117 79.001594543457045 0.071218911558389678
decision_type=2 2 2 2 8 2 10 2 2 2 2 2 2 2 2 2 2 2 2 2 2 10 2 2 2 2 2 2 2 2
left_child=1 -1 17 4 -2 6 9 -8 15 -4 -5 22 -6 14 20 -9 -14 18 -3 -19 27 -22 -11 24 26 -26 -24 -12 -7 -25
right_child=3 2 5 10 12 28 7 8 -10 11 13 -13 16 -15 -16 -17 -18 19 -20 -21 21 -23 23 29 25 -27 -28 -29 -30 -31
leaf_value=-0.024688515958292242 -0.021375911485829003 0.016021981412848524 0.037143470139851795 -0.024719061427204023 0.0013781325469451866 -0.018756838308829443 0.05275828315058205 0.010720057304948492 -0.0085935453416726652 0.032172245003431341 -0.0050876396748087329 0.04487628722672244 0.040491928620530297 -0.023521261960696593 0.038540688249266181 0.049706391253113026 -0.007368658128345907 0.033546969260403986 -0.016613388188385883 -0.00096941223934526638 0.0070200386007376447 -0.028835282955344925 0.023339599716311873 0.0044927502133635788 0.0058401893327725291 0.048441216701998302 -0.013565459290203327 0.028210527013015185 0.016397889035511093 -0.017068819108203848
leaf_weight=28.701847851276398 40.735007606446743 12.301699705421923 26.578204914927483 113.27801854908466 59.079284988343716 17.804951928555969 30.627016209065914 15.212529957294466 14.02816568315029 12.664132691919802 20.098724916577343 10.258043162524698 18.16269621998072 38.666595257818699 7.9682655781507483 16.476334929466248 6.1685999855399123 11.285906136035921 52.036655783653259 19.922388561069965 12.28813450783491 24.393065325915813 10.605470448732378 63.909737512469292 9.1993314698338526 15.208064265549181 15.30968267470598 9.086495213210581 7.5206682458519927 17.699029065668583
leaf_count=365 526 97 163 1601 564 161 171 109 111 81 218 65 139 523 72 114 79 102 524 202 139 352 80 517 57 111 122 86 53 162
internal_value=0.00031031 0.0102742 0.0129824 -0.0112849 -0.000688918 0.0183205 0.0209366 0.0333824 0.0195505 0.0155453 -0.0170824 0.0116237 0.00954749 -0.00924303 -0.00155125 0.0318911 0.0285462 -0.00286003 -0.0102237 0.0121668 -0.00690527 -0.0169563 0.00897268 0.00652048 0.0174255 0.0332464 0.00184352 0.00587051 -0.008091 -0.000333465
internal_weight=757.275 407.35 378.648 349.925 124.146 283.101 257.776 76.344 45.717 181.432 225.779 154.853 83.4106 112.501 73.8347 31.6889 24.3313 95.5467 64.3384 31.2083 65.8664 36.6812 144.595 131.931 50.3225 24.4074 25.9152 29.1852 25.3256 81.6088
internal_count=7666 3367 3002 4299 1308 2077 1863 505 334 1358 2991 1195 782 1390 867 223 218 925 621 304 795 491 1130 1049 370 168 202 304 214 679
is_linear=0
shrinkage=0.03


Tree=21
num_leaves=31
num_cat=1
split_feature=7 5 29 0 3 0 5 12 29 7 3 32 8 29 12 14 10 10 6 12 5 1 7 0 5 10 0 14 7 9
split_gain=110.893 44.6023 40.253 31.2502 22.1313 19.0123 20.287 19.3037 18.1342 18.0215 16.8206 18.7652 14.5777 14.4014 13.5536 17.2567 14.0842 13.2049 12.4976 12.2657 12.3795 17.7602 10.7571 11.3843 9.9876 9.99619 9.42254 8.39074 7.51126 7.23486
threshold=-6.1065237522125235 -0.8126716911792754 75.77988433837892 1.0000000180025095e-35 105.6267433166504 8.1673750877380389 0.59747540950775158 0.13350000232458117 77.177566528320327 -41.276082992553704 29.017017364501957 0 -38.010951995849602 78.715969085693374 0.43999999761581426 0.34499999880790716 0.2950000017881394 -0.024999999441206452 -0.90877163410186756 0.26600000262260443 0.29221479594707495 21.777545928955082 4.8816673755645761 17.639875411987308 0.12431468442082406 0.31000000238418585 0.0040310381446033725 0.73499998450279247 -4.7912194728851309 -7.6304404735565177
decision_type=2 2 2 2 2 2 2 2 2 2 2 9 2 2 2 2 2 2 2 2 2 2 2 2 2 2 2 2 2 2
left_child=1 -1 12 -2 5 6 7 29 -9 -4 11 -7 24 -12 15 17 -17 26 -19 20 21 27 -13 -24 25 -3 -11 -18 -8 -5
right_child=3 2 9 4 -6 10 28 8 -10 14 13 22 -14 -15 -16 16 19 18 -20 -21 -22 -23 23 -25 -26 -27 -28 -29 -30 -31
leaf_value=-0.024555263665349398 -0.028629404630830097 -0.012273700420118735 0.036859757059266834 0.0045510071446775357 -0.022825395646362726 -0.011297921872700206 0.0086473972184736275 0.042533772977180535 -0.0073545704924949601 -0.010319619385270439 -0.014898453366025043 0.059130257694009217 -0.013833449182214479 0.027775747736189193 0.050438648136272503 -0.018758431020725941 0.063535293183898361 0.041330082408894103 0.0026478135774698182 -0.023374102085882094 -0.00034747468296014098 0.0036742482130647587 -0.0023517159525428964 0.04272572681962529 0.03423352714291316 0.021212930821146194 0.017888045341817978 0.021706918868814297 -0.026618449513144172 -0.019564575435383053
leaf_weight=28.430780820548534 77.542975351214409 19.097066983580593 44.585746355354786 17.487129420042038 61.009241223335266 11.750365026295183 5.6076050922274581 14.428310729563238 10.959472276270388 11.645456619560717 30.640748172998428 11.98130436986685 51.383875615894794 8.2090388834476453 9.0555727109312993 17.971080370247364 9.7387080192565936 38.294688671827316 9.4717775136232358 7.8370159417390814 29.278519466519356 18.196792416274548 9.3091823905706423 9.7514497712254506 10.131395034492014 12.357070997357367 78.360796809196472 9.8578673005104047 50.26675333827734 28.61899970471859
leaf_count=368 1125 177 269 166 857 117 77 122 96 91 381 96 537 77 66 162 54 218 86 79 238 151 93 83 77 109 585 73 736 303
internal_value=0.000458463 0.0111001 0.0138449 -0.0119592 -0.007084 -0.00240235 -0.00961751 0.00100587 0.0215352 0.0194323 0.00883406 0.0215946 -0.00326602 -0.00541058 0.0160512 0.0144892 0.00442656 0.0211922 0.0338712 0.0101626 0.014367 0.0254815 0.0286073 0.0216902 0.00980953 0.00113013 0.0141651 0.0445694 -0.0229893 -0.0105156
internal_weight=753.257 405.694 377.263 347.563 270.02 209.01 127.368 71.4939 25.3878 284.294 81.6421 42.7923 92.9694 38.8498 239.708 230.653 92.88 137.773 47.7665 74.9089 67.0719 37.7934 31.0419 19.0606 41.5855 31.4541 90.0063 19.5966 55.8744 46.1061
internal_count=7669 3340 2972 4329 3204 2347 1500 687 218 2072 847 389 900 458 1803 1737 757 980 304 595 516 278 272 176 363 286 676 127 813 469
cat_boundaries=0 1
cat_threshold=74
is_linear=0
shrinkage=0.03


Tree=22
num_leaves=31
num_cat=0
split_feature=7 29 17 12 5 8 10 14 28 12 12 29 14 10 8 5 18 12 5 12 6 18 16 17 6 29 0 0 18 5
split_gain=102.69 51.7506 27.2636 26.8056 24.6148 23.2995 19.8535 16.763 17.5496 16.5491 13.8052 12.5115 19.1143 22.699 19.2443 11.736 10.5868 10.2038 13.5028 13.5042 9.81146 10.5707 18.6254 19.96 8.77356 14.6061 8.38741 11.6069 11.5883 16.7676
threshold=-4.7912194728851309 75.77988433837892 0.0048569331411272296 -0.37800000607967371 -0.8126716911792754 -27.089924812316891 -0.91499999165534962 -0.39999999105930323 22.726541519165043 -0.52750000357627858 0.14050000160932544 79.001594543457045 0.30500000715255743 -0.59000000357627858 -70.33568954467772 0.56202840805053722 0.51983559131622326 -0.1105000004172325 0.25061884522438055 -0.26350000500679011 -0.84565824270248402 1.1595264077186587 -0.36929999291896815 -0.48927885293960566 -0.95380109548568714 77.440567016601577 17.148037910461429 0.10160772874951364 1.1563757061958315 0.29221479594707495
decision_type=2 2 2 2 2 2 2 2 2 2 2 2 2 2 2 2 2 2 2 2 2 2 2 2 2 2 2 2 2 2
left_child=1 16 3 9 -3 11 10 8 -7 -2 -5 12 13 -6 -14 26 -1 18 19 -18 21 22 23 -8 25 -4 27 -9 -29 -30
right_child=2 4 24 6 5 7 20 15 -10 -11 -12 -13 14 -15 -16 -17 17 -19 -20 -21 -22 -23 -24 -25 -26 -27 -28 28 29 -31
leaf_value=0.018529415879591227 -0.0097597442531940307 -0.023948908727682905 -0.021173652819303331 -0.0077312201714487853 -0.001453281128143807 -0.00073253529721702625 0.058205549162792206 -0.0070800596102295011 0.051616327010224422 0.042186885988719232 0.043352474118795177 0.040449863146870789 0.033284795646441989 0.038555230489037667 -0.005168205922972533 -0.020362613722083964 -0.0057496871882828822 -0.018050414990332306 -0.024283082349589404 0.038245057421121331 -0.025277991147622639 -0.018150086224241267 -0.01372811870206452 -0.0022690059590826923 -0.027232859095136567 0.025224421079012477 -0.014175045184383263 0.032630738771283946 0.027058241855854384 -0.011531554992328049
leaf_weight=10.948633737862108 8.0531927943229675 13.061472266912459 20.288030683994297 8.6788910478353518 16.253096736967564 9.5653557404875773 7.7087299153208759 24.423862881958485 13.396827958524225 14.576709561049938 8.8975707739591581 34.993375554680824 15.648703329265116 57.246618740260601 38.813796184957027 15.551999762654303 13.337412163615225 68.376722544431686 11.079332612454889 10.502174258232118 45.834618881344795 46.970279976725578 27.31008592247963 11.102448150515555 111.43965212628245 7.6199156120419493 13.799135155975817 24.702961757779121 17.882383108139038 20.99904602766037
leaf_count=109 94 176 283 115 128 83 70 212 86 105 76 186 96 345 312 189 119 759 109 96 681 517 304 106 1601 73 129 189 133 186
internal_value=-0.000680131 0.00886493 -0.0135723 -0.00577757 0.0151028 0.0168578 -0.0102189 0.00781548 0.0306889 0.0240702 0.0190701 0.024549 0.0199207 0.0298073 0.00628141 0.00311868 -0.00838857 -0.011392 0.00178575 0.014391 -0.0140342 -0.00828845 0.00192677 0.0242003 -0.02348 -0.00807089 0.00686883 0.0102906 0.0169692 0.00645014
internal_weight=749.063 430.583 318.48 179.133 316.339 303.277 156.503 140.322 22.9622 22.6299 17.5765 162.956 127.962 73.4997 54.4625 117.359 114.244 103.296 34.9189 23.8396 138.926 93.0915 46.1213 18.8112 139.348 27.9079 101.807 88.0083 63.5844 38.8814
internal_count=7667 3642 4025 2068 2450 2274 1869 1207 169 199 191 1067 881 473 408 1038 1192 1083 324 215 1678 997 480 176 1957 356 849 720 508 319
is_linear=0
shrinkage=0.03


Tree=23
num_leaves=31
num_cat=1
split_feature=7 5 17 32 8 10 12 12 0 6 28 18 12 2 14 10 8 2 18 12 2 6 2 6 7 17 12 18 14 12
split_gain=87.8527 32.2989 26.9218 25.2245 25.1694 21.024 19.1217 17.6999 29.2946 24.215 15.8873 15.713 12.5802 12.2907 14.4973 22.6419 15.7064 11.7971 11.493 10.9712 13.4608 10.3748 9.96927 9.26604 9.20265 8.88414 13.6427 8.69077 8.44994 8.63756
threshold=-6.1065237522125235 -0.78753387928009022 0.0048569331411272296 0 -27.089924812316891 0.38499999046325689 -0.37800000607967371 -0.045499999076127999 26.240862846374515 -0.80187052488327015 25.763958930969242 0.36729553341865545 0.035499999299645431 2.8251149654388432 0.34499999880790716 -0.014999999664723871 -70.33568954467772 4.631376028060914 1.6044149994850161 -0.16650000214576718 42.415180206298835 -0.92772412300109852 7.6514203548431405 -0.88835394382476796 -28.512905120849606 -0.20197685062885282 0.06749999895691873 1.3112549781799319 -0.43999999761581415 -0.030999999493360516
decision_type=2 2 2 9 2 2 2 2 2 2 2 2 2 2 2 2 2 2 2 2 2 2 2 2 2 2 2 2 2 2
left_child=1 -1 5 4 13 6 -2 -8 9 17 23 -6 28 -3 15 18 -16 -9 25 20 27 -17 -21 -4 -20 26 -15 -5 -13 -30
right_child=2 3 10 19 11 -7 7 8 -10 -11 -12 12 -14 14 16 21 -18 -19 24 22 -22 -23 -24 -25 -26 -27 -28 -29 29 -31
leaf_value=-0.02158607338178533 0.027177989127814155 0.045622387791758125 -0.013122235951026431 0.012274777225811231 0.032444475736373428 -0.023793915934266548 -0.017259677789460963 0.0007263725336235197 -0.024366565786325019 -0.01276416049257363 0.020960674786641841 0.027372794746954161 -0.021752459038859841 0.034597006281556847 0.035998264962326942 0.052476412209069734 -0.0079226009665938381 0.038003246674782415 0.046624933780169422 0.04829868700268343 0.030754349416674282 0.014173310775716749 0.022969981987376639 -0.029620496911521584 0.0038949115595308583 -0.01450325999018061 -0.011472153961579393 -0.021532652995055093 -0.011045288943856271 0.017541196698213263
leaf_weight=28.894469417631626 19.905725091695786 8.7607214376330358 49.817349344491959 14.927764721214773 7.9097747057676306 39.608538344502449 51.29158478975296 10.187297768890856 21.034443877637386 17.472911175340414 6.7337630093097678 7.5292605981230727 41.022144384682178 10.747751846909525 7.6107603609561911 18.426617451012138 48.229490928351879 30.048433169722557 8.9668084830045718 21.13612762093544 18.108417645096779 10.89428551495075 50.32150611281395 90.911518409848213 8.689843147993086 21.561320759356022 10.660681284964083 11.013120785355566 41.781570605933666 11.278007723391054
leaf_count=385 161 48 609 88 68 539 624 96 290 259 70 57 429 74 50 102 445 224 58 115 114 83 292 1417 64 183 100 81 411 92
internal_value=-0.000847657 0.00849795 -0.0121665 0.0108387 0.00491681 -0.00464565 0.000536716 -0.00371782 0.00520888 0.0162204 -0.0217374 -0.00586954 -0.00913917 0.0128653 0.0105994 0.0179875 -0.00140839 0.0288116 0.00726789 0.0219158 0.0116429 0.0391816 0.031025 -0.023914 0.026931 -0.0012406 0.0121679 -0.00234456 -0.000384715 -0.00475705
internal_weight=745.482 408.47 337.012 379.576 264.069 189.549 149.94 130.035 78.7431 57.7086 147.463 109.521 101.611 154.548 145.788 89.9473 55.8403 40.2357 60.6264 115.507 44.0493 29.3209 71.4576 140.729 17.6567 42.9698 21.4084 25.9409 60.5888 53.0596
internal_count=7628 3339 4289 2954 2264 2193 1654 1493 869 579 2096 1057 989 1207 1159 664 495 320 479 690 283 185 407 2026 122 357 174 169 560 503
cat_boundaries=0 1
cat_threshold=76
is_linear=0
shrinkage=0.03


end of trees

feature_importances:
dmi=85
doy_cos=64
rmm2=56
centroid_lon=54
nino34=53
oni=50
rain_prev_7_anom=43
rain_prev_14_anom=35
rmm1=35
amplitude=35
doy_sin=33
rain_prev_7=31
rain_prev_14=26
centroid_lat=26
days_since_wet=24
season_to_date=21
rain_prev_30=14
oni_age_days=14
rain_prev_30_anom=11
mjo_phase_3=3
dmi_age_days=2
nino34_age_days=2
zone_id=2
mjo_phase_1=1

parameters:
[boosting: gbdt]
[objective: binary]
[metric: binary_logloss]
[tree_learner: serial]
[device_type: cpu]
[data_sample_strategy: bagging]
[data: ]
[valid: ]
[num_iterations: 2000]
[learning_rate: 0.03]
[num_leaves: 31]
[num_threads: 0]
[seed: 42]
[deterministic: 0]
[force_col_wise: 0]
[force_row_wise: 0]
[histogram_pool_size: -1]
[max_depth: -1]
[min_data_in_leaf: 60]
[min_sum_hessian_in_leaf: 0.001]
[bagging_fraction: 0.8]
[pos_bagging_fraction: 1]
[neg_bagging_fraction: 1]
[bagging_freq: 1]
[bagging_seed: 400]
[bagging_by_query: 0]
[feature_fraction: 0.8]
[feature_fraction_bynode: 1]
[feature_fraction_seed: 30056]
[extra_trees: 0]
[extra_seed: 12879]
[early_stopping_round: 0]
[early_stopping_min_delta: 0]
[first_metric_only: 0]
[max_delta_step: 0]
[lambda_l1: 0]
[lambda_l2: 1]
[linear_lambda: 0]
[min_gain_to_split: 0]
[drop_rate: 0.1]
[max_drop: 50]
[skip_drop: 0.5]
[xgboost_dart_mode: 0]
[uniform_drop: 0]
[drop_seed: 17869]
[top_rate: 0.2]
[other_rate: 0.1]
[min_data_per_group: 100]
[max_cat_threshold: 32]
[cat_l2: 10]
[cat_smooth: 10]
[max_cat_to_onehot: 4]
[top_k: 20]
[monotone_constraints: ]
[monotone_constraints_method: basic]
[monotone_penalty: 0]
[feature_contri: ]
[forcedsplits_filename: ]
[refit_decay_rate: 0.9]
[cegb_tradeoff: 1]
[cegb_penalty_split: 0]
[cegb_penalty_feature_lazy: ]
[cegb_penalty_feature_coupled: ]
[path_smooth: 0]
[interaction_constraints: ]
[verbosity: -1]
[saved_feature_importance_type: 0]
[use_quantized_grad: 0]
[num_grad_quant_bins: 4]
[quant_train_renew_leaf: 0]
[stochastic_rounding: 1]
[linear_tree: 0]
[max_bin: 255]
[max_bin_by_feature: ]
[min_data_in_bin: 3]
[bin_construct_sample_cnt: 200000]
[data_random_seed: 175]
[is_enable_sparse: 1]
[enable_bundle: 1]
[use_missing: 1]
[zero_as_missing: 0]
[feature_pre_filter: 1]
[pre_partition: 0]
[two_round: 0]
[header: 0]
[label_column: ]
[weight_column: ]
[group_column: ]
[ignore_column: ]
[categorical_feature: 31,32]
[forcedbins_filename: ]
[precise_float_parser: 0]
[parser_config_file: ]
[objective_seed: 16083]
[num_class: 1]
[is_unbalance: 0]
[scale_pos_weight: 1]
[sigmoid: 1]
[boost_from_average: 1]
[reg_sqrt: 0]
[alpha: 0.9]
[fair_c: 1]
[poisson_max_delta_step: 0.7]
[tweedie_variance_power: 1.5]
[lambdarank_truncation_level: 30]
[lambdarank_norm: 1]
[label_gain: ]
[lambdarank_position_bias_regularization: 0]
[eval_at: ]
[multi_error_top_k: 1]
[auc_mu_weights: ]
[num_machines: 1]
[local_listen_port: 12400]
[time_out: 120]
[machine_list_filename: ]
[machines: ]
[gpu_platform_id: -1]
[gpu_device_id: -1]
[gpu_device_id_list: ]
[gpu_use_dp: 0]
[num_gpu: 1]

end of parameters

pandas_categorical:[["Bihar", "Madhya Pradesh", "Maharashtra", "Uttar Pradesh"], ["BI-2", "BI-3", "MH-6/MH-7", "MP-10", "MP-10/MP-5", "UP-10", "UP-8"]]
